nbNodes
27
nbVehi
5
nbServi
6
r
1 1 1 1 1 1
0 1 0 0 0 0
0 0 0 0 1 0
0 0 0 0 1 0
0 1 0 0 0 0
0 0 0 0 0 1
0 0 0 1 0 0
0 0 0 0 0 1
1 0 0 0 0 0
0 1 0 0 0 0
0 1 0 0 0 0
0 0 1 0 0 0
0 0 0 0 1 0
0 0 0 0 1 0
0 0 0 0 1 0
0 0 0 0 0 1
0 0 1 0 0 0
0 0 0 0 0 1
0 0 0 1 1 0
0 0 0 0 1 1
0 0 0 0 1 1
0 0 0 1 0 1
0 1 0 1 0 0
1 0 0 1 0 0
0 1 0 0 0 1
0 0 1 0 0 1
1 1 1 1 1 1
DS
26 25 24 23 22 21 20 19
a
1  1  1  0  0  0
0  1  1  0  0  0
0  0  0  1  1  1
0  0  0  1  1  1
0  0  0  1  1  1
x
89 48 59 73 13 46 26 95 11 39 91 6 1 62 93 26 66 50 3 15 52 10 4 84 5 0 89
y
48 28 48 19 18 26 10 22 42 28 46 3 26 20 49 33 9 32 20 9 38 8 0 5 39 0 48
d
0.0 45.617977 30.0 33.12099 81.706795 48.30114 73.57309 26.683329 78.23043 53.851646 2.828427 94.41398 90.70832 38.8973 4.1231055 64.7611 45.276924 42.154476 90.44335 83.64807 38.327538 88.54942 97.6166 43.289722 84.48077 101.118744 0.0
45.617977 0.0 22.825424 26.57066 36.40055 2.828427 28.42534 47.38143 39.56008 9.0 46.615448 48.8774 47.042534 16.124516 49.658836 22.561028 26.172504 4.472136 45.705578 38.078865 10.770329 42.941822 52.153618 42.72002 44.38468 55.569775 45.617977
30.0 22.825424 0.0 32.202484 54.91812 25.553865 50.32892 44.407207 48.373547 28.284271 32.06244 69.52697 62.03225 28.160255 34.0147 36.249138 39.623226 18.35756 62.609905 58.796257 12.206555 63.25346 73.0 49.73932 54.74486 76.05919 30.0
33.12099 26.57066 32.202484 0.0 60.00833 27.89265 47.853943 22.203604 66.12866 35.17101 32.449963 68.88396 72.33948 11.045361 36.05551 49.0408 12.206555 26.41969 70.00714 58.855755 28.319605 63.953106 71.568146 17.804493 70.88018 75.43209 33.12099
81.706795 36.40055 54.91812 60.00833 0.0 33.955853 15.264338 82.0975 24.083189 27.856777 82.8734 16.552946 14.422205 49.0408 85.79627 19.849434 53.75872 39.56008 10.198039 9.219544 43.829212 10.440307 20.12461 72.18033 22.472204 22.203604 81.706795
48.30114 2.828427 25.553865 27.89265 33.955853 0.0 25.612497 49.162994 38.483765 7.28011 49.24429 46.141087 45.0 17.088007 52.3259 21.189621 26.24881 7.2111025 43.416588 35.35534 13.416408 40.24922 49.396355 43.416588 43.011627 52.83938 48.30114
73.57309 28.42534 50.32892 47.853943 15.264338 25.612497 0.0 70.035706 35.341194 22.203604 74.30343 21.189621 29.681644 37.363083 77.52419 23.0 40.012497 32.55764 25.079872 11.045361 38.209946 16.124516 24.166092 58.21512 35.805027 27.856777 73.57309
26.683329 47.38143 44.407207 22.203604 82.0975 49.162994 70.035706 0.0 86.34813 56.32051 24.33105 91.00549 94.08507 33.06055 27.073973 69.87131 31.780497 46.09772 92.021736 81.04937 45.88028 86.145226 93.62158 20.248457 91.591484 97.5141 26.683329
78.23043 39.56008 48.373547 66.12866 24.083189 38.483765 35.341194 86.34813 0.0 31.304953 80.09994 39.319206 18.867962 55.542778 82.29824 17.492855 64.14047 40.261642 23.409399 33.24154 41.19466 34.0147 42.579338 81.84131 6.708204 43.416588 78.23043
53.851646 9.0 28.284271 35.17101 27.856777 7.28011 22.203604 56.32051 31.304953 0.0 55.027267 41.400482 38.052597 24.351591 57.939625 13.928389 33.01515 11.7046995 36.878178 30.610456 16.40122 35.22783 44.82187 50.537113 35.735138 48.010414 53.851646
2.828427 46.615448 32.06244 32.449963 82.8734 49.24429 74.30343 24.33105 80.09994 55.027267 0.0 95.257545 92.19544 38.948685 3.6055512 66.287254 44.65423 43.32436 91.76056 84.5281 39.812057 89.470665 98.4124 41.59327 86.28442 101.96568 2.828427
94.41398 48.8774 69.52697 68.88396 16.552946 46.141087 21.189621 91.00549 39.319206 41.400482 95.257545 0.0 23.537205 58.5235 98.4124 36.05551 60.299255 52.69725 17.262676 10.816654 57.801384 6.4031243 3.6055512 78.025635 36.013885 6.708204 94.41398
90.70832 47.042534 62.03225 72.33948 14.422205 45.0 29.681644 94.08507 18.867962 38.052597 92.19544 23.537205 0.0 61.294373 94.83143 25.96151 67.18631 49.365982 6.3245554 22.022715 52.392746 20.12461 26.172504 85.61542 13.601471 26.019224 90.70832
38.8973 16.124516 28.160255 11.045361 49.0408 17.088007 37.363083 33.06055 55.542778 24.351591 38.948685 58.5235 61.294373 0.0 42.44997 38.27532 11.7046995 16.970562 59.0 48.270073 20.59126 53.366657 61.351448 26.627054 60.083275 65.14599 38.8973
4.1231055 49.658836 34.0147 36.05551 85.79627 52.3259 77.52419 27.073973 82.29824 57.939625 3.6055512 98.4124 94.83143 42.44997 0.0 68.88396 48.259712 46.238514 94.55686 87.658424 42.44997 92.574295 101.597244 44.911022 88.56636 105.11898 4.1231055
64.7611 22.561028 36.249138 49.0408 19.849434 21.189621 23.0 69.87131 17.492855 13.928389 66.287254 36.05551 25.96151 38.27532 68.88396 0.0 46.647614 24.020824 26.41969 26.400757 26.476404 29.681644 39.661064 64.40497 21.84033 42.0119 64.7611
45.276924 26.172504 39.623226 12.206555 53.75872 26.24881 40.012497 31.780497 64.14047 33.01515 44.65423 60.299255 67.18631 11.7046995 48.259712 46.647614 0.0 28.01785 63.953106 51.0 32.202484 56.008926 62.649822 18.439089 67.977936 66.61081 45.276924
42.154476 4.472136 18.35756 26.41969 39.56008 7.2111025 32.55764 46.09772 40.261642 11.7046995 43.32436 52.69725 49.365982 16.970562 46.238514 24.020824 28.01785 0.0 48.507732 41.880783 6.3245554 46.647614 56.0357 43.416588 45.54119 59.36329 42.154476
90.44335 45.705578 62.609905 70.00714 10.198039 43.416588 25.079872 92.021736 23.409399 36.878178 91.76056 17.262676 6.3245554 59.0 94.55686 26.41969 63.953106 48.507732 0.0 16.27882 52.201534 13.892444 20.024984 82.37718 19.104973 20.22375 90.44335
83.64807 38.078865 58.796257 58.855755 9.219544 35.35534 11.045361 81.04937 33.24154 30.610456 84.5281 10.816654 22.022715 48.270073 87.658424 26.400757 51.0 41.880783 16.27882 0.0 47.010635 5.0990195 14.21267 69.115845 31.622776 17.492855 83.64807
38.327538 10.770329 12.206555 28.319605 43.829212 13.416408 38.209946 45.88028 41.19466 16.40122 39.812057 57.801384 52.392746 20.59126 42.44997 26.476404 32.202484 6.3245554 52.201534 47.010635 0.0 51.613953 61.220913 45.96738 47.010635 64.40497 38.327538
88.54942 42.941822 63.25346 63.953106 10.440307 40.24922 16.124516 86.145226 34.0147 35.22783 89.470665 6.4031243 20.12461 53.366657 92.574295 29.681644 56.008926 46.647614 13.892444 5.0990195 51.613953 0.0 10.0 74.06078 31.400637 12.806249 88.54942
97.6166 52.153618 73.0 71.568146 20.12461 49.396355 24.166092 93.62158 42.579338 44.82187 98.4124 3.6055512 26.172504 61.351448 101.597244 39.661064 62.649822 56.0357 20.024984 14.21267 61.220913 10.0 0.0 80.1561 39.012817 4.0 97.6166
43.289722 42.72002 49.73932 17.804493 72.18033 43.416588 58.21512 20.248457 81.84131 50.537113 41.59327 78.025635 85.61542 26.627054 44.911022 64.40497 18.439089 43.416588 82.37718 69.115845 45.96738 74.06078 80.1561 0.0 86.00581 84.14868 43.289722
84.48077 44.38468 54.74486 70.88018 22.472204 43.011627 35.805027 91.591484 6.708204 35.735138 86.28442 36.013885 13.601471 60.083275 88.56636 21.84033 67.977936 45.54119 19.104973 31.622776 47.010635 31.400637 39.012817 86.00581 0.0 39.319206 84.48077
101.118744 55.569775 76.05919 75.43209 22.203604 52.83938 27.856777 97.5141 43.416588 48.010414 101.96568 6.708204 26.019224 65.14599 105.11898 42.0119 66.61081 59.36329 20.22375 17.492855 64.40497 12.806249 4.0 84.14868 39.319206 0.0 101.118744
0.0 45.617977 30.0 33.12099 81.706795 48.30114 73.57309 26.683329 78.23043 53.851646 2.828427 94.41398 90.70832 38.8973 4.1231055 64.7611 45.276924 42.154476 90.44335 83.64807 38.327538 88.54942 97.6166 43.289722 84.48077 101.118744 0.0
p
0 0 0 0 0 0
0 0 0 0 0 0
0 0 0 0 0 0
0 0 0 0 0 0
0 0 0 0 0 0
17.0 17.0 17.0 17.0 17.0 17.0
17.0 17.0 17.0 17.0 17.0 17.0
17.0 17.0 17.0 17.0 17.0 17.0
17.0 17.0 17.0 17.0 17.0 17.0
17.0 17.0 17.0 17.0 17.0 17.0
17.0 17.0 17.0 17.0 17.0 17.0
17.0 17.0 17.0 17.0 17.0 17.0
17.0 17.0 17.0 17.0 17.0 17.0
17.0 17.0 17.0 17.0 17.0 17.0
17.0 17.0 17.0 17.0 17.0 17.0
17.0 17.0 17.0 17.0 17.0 17.0
17.0 17.0 17.0 17.0 17.0 17.0
17.0 17.0 17.0 17.0 17.0 17.0
17.0 17.0 17.0 17.0 17.0 17.0
17.0 17.0 17.0 17.0 17.0 17.0
17.0 17.0 17.0 17.0 17.0 17.0
17.0 17.0 17.0 17.0 17.0 17.0
17.0 17.0 17.0 17.0 17.0 17.0
17.0 17.0 17.0 17.0 17.0 17.0
17.0 17.0 17.0 17.0 17.0 17.0
17.0 17.0 17.0 17.0 17.0 17.0
17.0 17.0 17.0 17.0 17.0 17.0
17.0 17.0 17.0 17.0 17.0 17.0
17.0 17.0 17.0 17.0 17.0 17.0
17.0 17.0 17.0 17.0 17.0 17.0
17.0 17.0 17.0 17.0 17.0 17.0
17.0 17.0 17.0 17.0 17.0 17.0
17.0 17.0 17.0 17.0 17.0 17.0
17.0 17.0 17.0 17.0 17.0 17.0
17.0 17.0 17.0 17.0 17.0 17.0
17.0 17.0 17.0 17.0 17.0 17.0
17.0 17.0 17.0 17.0 17.0 17.0
17.0 17.0 17.0 17.0 17.0 17.0
17.0 17.0 17.0 17.0 17.0 17.0
17.0 17.0 17.0 17.0 17.0 17.0
17.0 17.0 17.0 17.0 17.0 17.0
17.0 17.0 17.0 17.0 17.0 17.0
17.0 17.0 17.0 17.0 17.0 17.0
17.0 17.0 17.0 17.0 17.0 17.0
17.0 17.0 17.0 17.0 17.0 17.0
17.0 17.0 17.0 17.0 17.0 17.0
17.0 17.0 17.0 17.0 17.0 17.0
17.0 17.0 17.0 17.0 17.0 17.0
17.0 17.0 17.0 17.0 17.0 17.0
17.0 17.0 17.0 17.0 17.0 17.0
17.0 17.0 17.0 17.0 17.0 17.0
17.0 17.0 17.0 17.0 17.0 17.0
17.0 17.0 17.0 17.0 17.0 17.0
17.0 17.0 17.0 17.0 17.0 17.0
17.0 17.0 17.0 17.0 17.0 17.0
17.0 17.0 17.0 17.0 17.0 17.0
17.0 17.0 17.0 17.0 17.0 17.0
17.0 17.0 17.0 17.0 17.0 17.0
17.0 17.0 17.0 17.0 17.0 17.0
17.0 17.0 17.0 17.0 17.0 17.0
17.0 17.0 17.0 17.0 17.0 17.0
17.0 17.0 17.0 17.0 17.0 17.0
17.0 17.0 17.0 17.0 17.0 17.0
17.0 17.0 17.0 17.0 17.0 17.0
17.0 17.0 17.0 17.0 17.0 17.0
17.0 17.0 17.0 17.0 17.0 17.0
17.0 17.0 17.0 17.0 17.0 17.0
17.0 17.0 17.0 17.0 17.0 17.0
17.0 17.0 17.0 17.0 17.0 17.0
17.0 17.0 17.0 17.0 17.0 17.0
17.0 17.0 17.0 17.0 17.0 17.0
17.0 17.0 17.0 17.0 17.0 17.0
17.0 17.0 17.0 17.0 17.0 17.0
17.0 17.0 17.0 17.0 17.0 17.0
17.0 17.0 17.0 17.0 17.0 17.0
17.0 17.0 17.0 17.0 17.0 17.0
17.0 17.0 17.0 17.0 17.0 17.0
17.0 17.0 17.0 17.0 17.0 17.0
17.0 17.0 17.0 17.0 17.0 17.0
17.0 17.0 17.0 17.0 17.0 17.0
17.0 17.0 17.0 17.0 17.0 17.0
17.0 17.0 17.0 17.0 17.0 17.0
17.0 17.0 17.0 17.0 17.0 17.0
17.0 17.0 17.0 17.0 17.0 17.0
17.0 17.0 17.0 17.0 17.0 17.0
17.0 17.0 17.0 17.0 17.0 17.0
17.0 17.0 17.0 17.0 17.0 17.0
17.0 17.0 17.0 17.0 17.0 17.0
17.0 17.0 17.0 17.0 17.0 17.0
17.0 17.0 17.0 17.0 17.0 17.0
17.0 17.0 17.0 17.0 17.0 17.0
17.0 17.0 17.0 17.0 17.0 17.0
17.0 17.0 17.0 17.0 17.0 17.0
17.0 17.0 17.0 17.0 17.0 17.0
17.0 17.0 17.0 17.0 17.0 17.0
17.0 17.0 17.0 17.0 17.0 17.0
17.0 17.0 17.0 17.0 17.0 17.0
17.0 17.0 17.0 17.0 17.0 17.0
17.0 17.0 17.0 17.0 17.0 17.0
17.0 17.0 17.0 17.0 17.0 17.0
17.0 17.0 17.0 17.0 17.0 17.0
17.0 17.0 17.0 17.0 17.0 17.0
17.0 17.0 17.0 17.0 17.0 17.0
17.0 17.0 17.0 17.0 17.0 17.0
17.0 17.0 17.0 17.0 17.0 17.0
17.0 17.0 17.0 17.0 17.0 17.0
17.0 17.0 17.0 17.0 17.0 17.0
17.0 17.0 17.0 17.0 17.0 17.0
17.0 17.0 17.0 17.0 17.0 17.0
17.0 17.0 17.0 17.0 17.0 17.0
17.0 17.0 17.0 17.0 17.0 17.0
17.0 17.0 17.0 17.0 17.0 17.0
17.0 17.0 17.0 17.0 17.0 17.0
17.0 17.0 17.0 17.0 17.0 17.0
17.0 17.0 17.0 17.0 17.0 17.0
17.0 17.0 17.0 17.0 17.0 17.0
17.0 17.0 17.0 17.0 17.0 17.0
17.0 17.0 17.0 17.0 17.0 17.0
17.0 17.0 17.0 17.0 17.0 17.0
17.0 17.0 17.0 17.0 17.0 17.0
17.0 17.0 17.0 17.0 17.0 17.0
17.0 17.0 17.0 17.0 17.0 17.0
17.0 17.0 17.0 17.0 17.0 17.0
17.0 17.0 17.0 17.0 17.0 17.0
17.0 17.0 17.0 17.0 17.0 17.0
17.0 17.0 17.0 17.0 17.0 17.0
17.0 17.0 17.0 17.0 17.0 17.0
17.0 17.0 17.0 17.0 17.0 17.0
17.0 17.0 17.0 17.0 17.0 17.0
17.0 17.0 17.0 17.0 17.0 17.0
0 0 0 0 0 0
0 0 0 0 0 0
0 0 0 0 0 0
0 0 0 0 0 0
0 0 0 0 0 0
mind
48 52 38 25 42 18 6 15 12 19 33 30 5 6 59 49 15 38 0 0 0 0 23 33 17 60 20
maxd
96 104 76 50 84 36 12 30 24 38 66 60 10 12 118 98 30 76 0 0 0 0 46 66 34 120 40
e
0  229 76 268 55 119 177 233 216 73 253 86 166 346 418 335 98 251 368 239 324 391 46 146 412 161 0
l
600  349 196 388 175 239 297 353 336 193 373 206 286 466 538 455 218 371 488 359 444 511 166 266 532 281 1000
