nbNodes
52
nbVehi
10
nbServi
6
r
1 1 1 1 1 1
0 0 0 1 0 0
0 0 0 0 1 0
0 1 0 0 0 0
0 0 0 1 0 0
0 0 1 0 0 0
0 0 0 0 1 0
0 0 1 0 0 0
0 0 0 0 1 0
0 0 0 0 1 0
0 0 0 0 1 0
0 1 0 0 0 0
0 1 0 0 0 0
0 1 0 0 0 0
0 0 0 1 0 0
1 0 0 0 0 0
0 0 0 0 1 0
0 0 1 0 0 0
1 0 0 0 0 0
1 0 0 0 0 0
0 0 0 0 0 1
0 0 1 0 0 0
0 0 1 0 0 0
0 0 0 0 1 0
0 0 0 0 0 1
0 0 1 0 0 0
0 0 0 0 0 1
0 0 0 0 1 0
0 0 0 0 0 1
0 0 0 1 0 0
0 0 1 0 0 0
0 1 0 0 0 0
0 0 0 0 1 0
1 0 0 0 0 0
0 0 0 0 1 0
0 0 0 0 0 1
0 0 0 0 1 1
0 0 0 0 1 1
0 0 0 1 1 0
0 0 0 0 1 1
0 0 0 1 0 1
0 0 0 0 1 1
0 0 0 0 1 1
0 0 1 1 0 0
0 1 0 0 1 0
1 0 0 0 1 0
1 0 0 0 0 1
0 1 0 0 0 1
0 0 1 0 1 0
0 1 0 0 1 0
0 1 0 1 0 0
1 1 1 1 1 1
DS
51 50 49 48 47 46 45 44 43 42 41 40 39 38 37
a
1  1  0  0  0  0
0  0  1  0  0  0
0  0  1  0  0  0
0  0  0  1  1  1
0  0  0  0  1  1
0  0  0  0  1  1
0  0  0  1  1  1
0  0  0  0  0  1
0  0  0  1  1  1
0  0  0  1  1  1
x
85 47 54 34 78 69 17 62 92 96 76 10 74 98 37 5 0 63 89 75 15 77 77 20 0 52 76 36 58 4 0 86 98 8 65 59 15 22 92 1 88 41 85 79 59 17 74 53 1 36 0 85
y
24 32 44 25 44 24 8 43 3 47 17 30 1 33 7 16 27 45 0 19 8 3 40 26 16 46 21 49 34 19 28 21 0 5 45 6 14 41 16 36 38 28 11 12 13 40 29 45 42 13 0 24
d
0.0 38.832977 36.891735 51.009804 21.189621 16.0 69.856995 29.832869 22.135944 25.495098 11.401754 75.23962 25.495098 15.811388 50.92151 80.399 85.052925 30.413813 24.33105 11.18034 71.80529 22.472204 17.888544 65.03076 85.37564 39.661064 9.486833 55.00909 28.79236 81.154175 85.09406 3.1622777 27.294687 79.30952 29.0 31.622776 70.71068 65.25335 10.630146 84.85281 14.3178215 44.181442 13.0 13.416408 28.231188 69.856995 12.083046 38.27532 85.90693 50.219517 88.32327 0.0
38.832977 0.0 13.892444 14.764823 33.24154 23.409399 38.418747 18.601076 53.535034 51.24451 32.649654 37.054016 41.109608 51.009804 26.925823 44.94441 47.26521 20.615528 52.801514 30.870699 40.0 41.725292 31.04835 27.658634 49.648766 14.866069 31.016125 20.248457 11.18034 44.922153 47.169907 40.5216 60.207973 47.434166 22.203604 28.635643 36.71512 26.57066 47.759815 46.173584 41.4367 7.2111025 43.416588 37.735924 22.472204 31.04835 27.166155 14.3178215 47.07441 21.954498 56.859474 38.832977
36.891735 13.892444 0.0 27.58623 24.0 25.0 51.62364 8.062258 55.9017 42.107006 34.828148 46.173584 47.423622 45.35416 40.718548 56.435802 56.61272 9.055386 56.22277 32.649654 53.075417 47.010635 23.345236 38.470768 60.827625 2.828427 31.827662 18.681541 10.770329 55.9017 56.32051 39.40812 62.225395 60.307545 11.045361 38.327538 49.20366 32.140316 47.201694 53.600372 34.525352 20.615528 45.276924 40.60788 31.400637 37.215588 25.0 1.4142135 53.037724 35.846897 69.656296 36.891735
51.009804 14.764823 27.58623 0.0 47.92703 35.014282 24.04163 33.286633 62.03225 65.78754 42.755116 24.5153 46.647614 64.49806 18.248287 30.364452 34.058773 35.22783 60.41523 41.4367 25.495098 48.30114 45.54119 14.035668 35.17101 27.658634 42.190044 24.083189 25.632011 30.594116 34.132095 52.153618 68.70953 32.80244 36.891735 31.400637 21.954498 20.0 58.694122 34.785053 55.542778 7.615773 52.886673 46.840153 27.730848 22.671568 40.1995 27.58623 37.12142 12.165525 42.201897 51.009804
21.189621 33.24154 24.0 47.92703 0.0 21.931713 70.83079 16.03122 43.32436 18.248287 27.073973 69.426216 43.185646 22.825424 55.226807 78.18568 79.83107 15.033297 45.35416 25.179358 72.56032 41.01219 4.1231055 60.728905 82.8734 26.076809 23.086792 42.296574 22.36068 78.1089 79.624115 24.351591 48.332184 80.13114 13.038404 42.48529 69.77822 56.0803 31.304953 77.41447 11.661903 40.311287 33.734257 32.01562 36.359318 61.13101 15.524175 25.019993 77.02597 52.201534 89.55445 21.189621
16.0 23.409399 25.0 35.014282 21.931713 0.0 54.405884 20.248457 31.144823 35.468296 9.899495 59.3043 23.537205 30.364452 36.23534 64.49806 69.065186 21.84033 31.241 7.81025 56.32051 22.472204 17.888544 49.0408 69.46222 27.802877 7.615773 41.400482 14.866069 65.192024 69.115845 17.262676 37.64306 63.89053 21.377558 20.59126 54.91812 49.979996 24.351591 69.050705 23.600847 28.284271 20.615528 15.6205 14.866069 54.405884 7.071068 26.400757 70.34202 34.785053 73.05477 16.0
69.856995 38.418747 51.62364 24.04163 70.83079 54.405884 0.0 57.00877 75.16648 88.10221 59.682495 23.086792 57.428215 84.77028 20.024984 14.422205 25.495098 59.03389 72.443085 59.03389 2.0 60.207973 68.0 18.248287 18.788294 51.662365 60.41523 45.188496 48.548943 17.029387 26.24881 70.21396 81.394104 9.486833 60.60528 42.047592 6.3245554 33.37664 75.42546 32.24903 77.07788 31.241 68.06615 62.1289 42.296574 32.0 60.74537 51.62364 37.576588 19.646883 18.788294 69.856995
29.832869 18.601076 8.062258 33.286633 16.03122 20.248457 57.00877 0.0 50.0 34.234486 29.529646 53.600372 43.68066 37.363083 43.829212 63.07139 64.03124 2.236068 50.77401 27.294687 58.60034 42.72002 15.297058 45.310043 67.62396 10.440307 26.076809 26.683329 9.848858 62.76942 63.788715 32.55764 56.0803 66.0303 3.6055512 37.12142 55.226807 40.04997 40.36087 61.400326 26.476404 25.806976 39.40812 35.35534 30.149628 45.099888 18.439089 9.219544 61.008198 39.698868 75.45197 29.832869
22.135944 53.535034 55.9017 62.03225 43.32436 31.144823 75.16648 50.0 0.0 44.181442 21.260292 86.33076 18.110771 30.594116 55.145264 87.965904 95.07891 51.0392 4.2426405 23.345236 77.16217 15.0 39.92493 75.58439 92.91394 58.728188 24.083189 72.47068 46.010868 89.44272 95.33625 18.973665 6.708204 84.0238 49.92995 33.13608 77.781746 79.64923 13.0 96.79876 35.22783 56.797886 10.630146 15.811388 34.48188 83.630135 31.622776 57.31492 99.00505 56.88585 92.0489 22.135944
25.495098 51.24451 42.107006 65.78754 18.248287 35.468296 88.10221 34.234486 44.181442 0.0 36.05551 87.66413 50.990196 14.142136 71.281136 96.13532 98.0612 33.06055 47.518417 35.0 89.89995 47.92703 20.248457 78.84795 100.88112 44.011364 32.80244 60.033325 40.16217 96.16652 97.862144 27.856777 47.042534 97.50897 31.06445 55.226807 87.46428 74.24284 31.257 95.63472 12.0415945 58.189346 37.64306 38.910152 50.24938 79.30952 28.42534 43.046486 95.131485 68.96376 106.887794 25.495098
11.401754 32.649654 34.828148 42.755116 27.073973 9.899495 59.682495 29.529646 21.260292 36.05551 0.0 67.26812 16.124516 27.202942 40.261642 71.00704 76.655075 30.870699 21.400934 2.236068 61.66036 14.035668 23.021729 56.718605 76.00658 37.64306 4.0 51.224995 24.758837 72.02777 76.79192 10.770329 27.802877 69.050705 30.083218 20.248457 61.073727 59.093147 16.03122 77.36925 24.186773 36.687874 10.816654 5.8309517 17.464249 63.324562 12.165525 36.23534 79.05694 40.1995 77.87811 11.401754
75.23962 37.054016 46.173584 24.5153 69.426216 59.3043 23.086792 53.600372 86.33076 87.66413 67.26812 0.0 70.26379 88.051125 35.468296 14.866069 10.440307 55.081757 84.50444 65.9242 22.561028 72.235725 67.74216 10.770329 17.20465 44.94441 66.61081 32.202484 48.166378 12.529964 10.198039 76.53104 92.973114 25.079872 57.00877 54.56189 16.763054 16.27882 83.18654 10.816654 78.40918 31.06445 77.36925 71.30919 51.86521 12.206555 64.00781 45.54119 15.0 31.06445 31.622776 75.23962
25.495098 41.109608 47.423622 46.647614 43.185646 23.537205 57.428215 43.68066 18.110771 50.990196 16.124516 70.26379 0.0 40.0 37.48333 70.61161 78.434685 45.35416 15.033297 18.027756 59.413803 3.6055512 39.115215 59.5063 75.50497 50.08992 20.09975 61.220913 36.67424 72.277245 78.77182 23.323807 24.020824 66.1211 44.911022 15.811388 60.41523 65.60488 23.43075 80.95678 39.56008 42.638012 14.866069 12.083046 19.209373 69.065186 28.0 48.754486 83.725746 39.849716 74.00676 25.495098
15.811388 51.009804 45.35416 64.49806 22.825424 30.364452 84.77028 37.363083 30.594116 14.142136 27.202942 88.051125 40.0 0.0 66.309875 94.54099 98.1835 37.0 34.20526 26.925823 86.683334 36.619667 22.135944 78.31347 99.46356 47.801674 25.059929 64.03124 40.012497 95.036835 98.12747 16.970562 33.0 94.254974 35.1141 47.434166 85.146935 76.41989 18.027756 97.04638 11.18034 57.21888 25.553865 28.319605 43.829212 81.3019 24.33105 46.572525 97.41663 65.14599 103.40696 15.811388
50.92151 26.925823 40.718548 18.248287 55.226807 36.23534 20.024984 43.829212 55.145264 71.281136 40.261642 35.468296 37.48333 66.309875 0.0 33.24154 42.059483 46.043457 52.46904 39.849716 22.022715 40.1995 51.855568 25.495098 38.078865 41.785164 41.4367 42.0119 34.20526 35.1141 42.544094 50.96077 61.400326 29.068884 47.201694 22.022715 23.086792 37.161808 55.7315 46.227695 59.682495 21.377558 48.166378 42.296574 22.803509 38.587563 43.046486 41.231056 50.20956 6.0827627 37.65634 50.92151
80.399 44.94441 56.435802 30.364452 78.18568 64.49806 14.422205 63.07139 87.965904 96.13532 71.00704 14.866069 70.61161 94.54099 33.24154 0.0 12.083046 64.84597 85.51023 70.064255 12.806249 73.1642 75.89466 18.027756 5.0 55.758408 71.17584 45.276924 55.97321 3.1622777 13.0 81.154175 94.36631 11.401754 66.64083 54.91812 10.198039 30.232433 87.0 20.396078 85.86617 37.94733 80.1561 74.10803 54.08327 26.832815 70.21396 56.0803 26.305893 31.144823 16.763054 80.399
85.052925 47.26521 56.61272 34.058773 79.83107 69.065186 25.495098 64.03124 95.07891 98.0612 76.655075 10.440307 78.434685 98.1835 42.059483 12.083046 0.0 65.52099 93.00538 75.42546 24.207438 80.65358 78.08969 20.024984 11.0 55.362442 76.23647 42.190044 58.420887 8.944272 1.0 86.209045 101.65137 23.409399 67.44627 62.625874 19.849434 26.076809 92.65527 9.055386 88.68484 41.01219 86.492775 80.411446 60.63827 21.400934 74.02702 55.97321 15.033297 38.626415 27.0 85.052925
30.413813 20.615528 9.055386 35.22783 15.033297 21.84033 59.03389 2.236068 51.0392 33.06055 30.870699 55.081757 45.35416 37.0 46.043457 64.84597 65.52099 0.0 51.971146 28.635643 60.60528 44.27189 14.866069 47.010635 69.354164 11.045361 27.294687 27.294687 12.083046 64.4748 65.25335 33.24154 57.00877 68.007355 2.0 39.20459 57.14018 41.19466 41.01219 62.649822 25.96151 27.802877 40.496914 36.67424 32.24903 46.270943 19.416489 10.0 62.072536 41.868843 77.42093 30.413813
24.33105 52.801514 56.22277 60.41523 45.35416 31.241 72.443085 50.77401 4.2426405 47.518417 21.400934 84.50444 15.033297 34.20526 52.46904 85.51023 93.00538 51.971146 0.0 23.600847 74.431175 12.369317 41.761227 73.736015 90.426765 59.03389 24.698177 72.18033 46.010868 87.09765 93.30059 21.213203 9.0 81.154175 51.0 30.594116 75.31268 78.54935 16.27882 95.07891 38.013157 55.569775 11.7046995 15.6205 32.695564 82.36504 32.649654 57.628117 97.50897 54.571056 89.0 24.33105
11.18034 30.870699 32.649654 41.4367 25.179358 7.81025 59.03389 27.294687 23.345236 35.0 2.236068 65.9242 18.027756 26.925823 39.849716 70.064255 75.42546 28.635643 23.600847 0.0 61.0 16.124516 21.095022 55.443665 75.059975 35.468296 2.236068 49.20366 22.671568 71.0 75.53807 11.18034 29.832869 68.44706 27.856777 20.615528 60.207973 57.384666 17.262676 75.9276 23.021729 35.17101 12.806249 8.062258 17.088007 61.68468 10.049875 34.058773 77.491936 39.45884 77.36925 11.18034
71.80529 40.0 53.075417 25.495098 72.56032 56.32051 2.0 58.60034 77.16217 89.89995 61.66036 22.561028 59.413803 86.683334 22.022715 12.806249 24.207438 60.60528 74.431175 61.0 0.0 62.201286 69.77106 18.681541 17.0 53.037724 62.369865 46.06517 50.24938 15.556349 25.0 72.18033 83.38465 7.615773 62.201286 44.04543 6.0 33.734257 77.41447 31.304953 78.92401 32.80244 70.064255 64.12488 44.28318 32.06244 62.625874 53.037724 36.769554 21.587032 17.0 71.80529
22.472204 41.725292 47.010635 48.30114 41.01219 22.472204 60.207973 42.72002 15.0 47.92703 14.035668 72.235725 3.6055512 36.619667 40.1995 73.1642 80.65358 44.27189 12.369317 16.124516 62.201286 0.0 37.0 61.46544 78.08969 49.73932 18.027756 61.6198 36.359318 74.73286 80.95678 20.12461 21.213203 69.02898 43.68066 18.248287 62.968246 66.85058 19.849434 82.85529 36.687874 43.829212 11.313708 9.219544 20.59126 70.491135 26.172504 48.373547 85.42248 42.201897 77.05842 22.472204
17.888544 31.04835 23.345236 45.54119 4.1231055 17.888544 68.0 15.297058 39.92493 20.248457 23.021729 67.74216 39.115215 22.135944 51.855568 75.89466 78.08969 14.866069 41.761227 21.095022 69.77106 37.0 0.0 58.694122 80.65358 25.70992 19.026299 41.976185 19.924858 75.96052 77.92946 21.023796 45.17743 77.36925 13.0 38.470768 67.23094 55.00909 28.301943 76.105194 11.18034 37.94733 30.083218 28.071337 32.449963 60.0 11.401754 24.5153 76.02631 49.09175 86.76981 17.888544
65.03076 27.658634 38.470768 14.035668 60.728905 49.0408 18.248287 45.310043 75.58439 78.84795 56.718605 10.770329 59.5063 78.31347 25.495098 18.027756 20.024984 47.010635 73.736015 55.443665 18.681541 61.46544 58.694122 0.0 22.36068 37.735924 56.22277 28.01785 38.832977 17.464249 20.09975 66.189125 82.219215 24.186773 48.8467 43.829212 13.0 15.132746 72.691124 21.470911 69.050705 21.095022 66.70832 60.63827 41.109608 14.3178215 54.08327 38.078865 24.839485 20.615528 32.80244 65.03076
85.37564 49.648766 60.827625 35.17101 82.8734 69.46222 18.788294 67.62396 92.91394 100.88112 76.00658 17.20465 75.50497 99.46356 38.078865 5.0 11.0 69.354164 90.426765 75.059975 17.0 78.08969 80.65358 22.36068 0.0 60.033325 76.1643 48.83646 60.728905 5.0 12.0 86.145226 99.29753 13.601471 71.17584 59.841457 15.132746 33.30165 92.0 20.024984 90.70832 42.72002 85.146935 79.101204 59.07622 29.410883 75.13322 60.41523 26.019224 36.124783 16.0 85.37564
39.661064 14.866069 2.828427 27.658634 26.076809 27.802877 51.662365 10.440307 58.728188 44.011364 37.64306 44.94441 50.08992 47.801674 41.785164 55.758408 55.362442 11.045361 59.03389 35.468296 53.037724 49.73932 25.70992 37.735924 60.033325 0.0 34.655445 16.27882 13.416408 55.072678 55.027267 42.201897 65.053825 60.1415 13.038404 40.60788 48.9183 30.413813 50.0 51.971146 36.878178 21.095022 48.104053 43.416588 33.734257 35.510563 27.802877 1.4142135 51.156624 36.67424 69.426216 39.661064
9.486833 31.016125 31.827662 42.190044 23.086792 7.615773 60.41523 26.076809 24.083189 32.80244 4.0 66.61081 20.09975 25.059929 41.4367 71.17584 76.23647 27.294687 24.698177 2.236068 62.369865 18.027756 19.026299 56.22277 76.1643 34.655445 0.0 48.82622 22.203604 72.02777 76.321686 10.0 30.413813 69.856995 26.400757 22.671568 61.400326 57.58472 16.763054 76.48529 20.808653 35.69314 13.453624 9.486833 18.788294 61.983868 8.246211 33.24154 77.88453 40.792156 78.84795 9.486833
55.00909 20.248457 18.681541 24.083189 42.296574 41.400482 45.188496 26.683329 72.47068 60.033325 51.224995 32.202484 61.220913 64.03124 42.0119 45.276924 42.190044 27.294687 72.18033 49.20366 46.06517 61.6198 41.976185 28.01785 48.83646 16.27882 48.82622 0.0 26.627054 43.863426 41.677334 57.306194 79.025314 52.153618 29.274563 48.76474 40.81666 16.124516 65.0 37.336308 53.15073 21.587032 62.008064 56.727417 42.72002 21.023796 42.941822 17.464249 35.69314 36.0 60.80296 55.00909
28.79236 11.18034 10.770329 25.632011 22.36068 14.866069 48.548943 9.848858 46.010868 40.16217 24.758837 48.166378 36.67424 40.012497 34.20526 55.97321 58.420887 12.083046 46.010868 22.671568 50.24938 36.359318 19.924858 38.832977 60.728905 13.416408 22.203604 26.627054 0.0 56.044624 58.30952 30.870699 52.49762 57.801384 13.038404 28.01785 47.423622 36.67424 38.470768 57.035076 30.265491 18.027756 35.468296 30.413813 21.023796 41.4367 16.763054 12.083046 57.558666 30.413813 67.23094 28.79236
81.154175 44.922153 55.9017 30.594116 78.1089 65.192024 17.029387 62.76942 89.44272 96.16652 72.02777 12.529964 72.277245 95.036835 35.1141 3.1622777 8.944272 64.4748 87.09765 71.0 15.556349 74.73286 75.96052 17.464249 5.0 55.072678 72.02777 43.863426 56.044624 0.0 9.848858 82.02438 95.90099 14.56022 66.309875 56.515484 12.083046 28.42534 88.051125 17.262676 86.12201 38.078865 81.394104 75.32596 55.326305 24.698177 70.71068 55.470715 23.194826 32.55764 19.416489 81.154175
85.09406 47.169907 56.32051 34.132095 79.624115 69.115845 26.24881 63.788715 95.33625 97.862144 76.79192 10.198039 78.77182 98.12747 42.544094 13.0 1.0 65.25335 93.30059 75.53807 25.0 80.95678 77.92946 20.09975 12.0 55.027267 76.321686 41.677334 58.30952 9.848858 0.0 86.28442 101.92154 24.351591 67.18631 62.968246 20.518284 25.553865 92.779305 8.062258 88.56636 41.0 86.683334 80.60397 60.876926 20.808653 74.00676 55.65968 14.035668 39.0 28.0 85.09406
3.1622777 40.5216 39.40812 52.153618 24.351591 17.262676 70.21396 32.55764 18.973665 27.856777 10.770329 76.53104 23.323807 16.970562 50.96077 81.154175 86.209045 33.24154 21.213203 11.18034 72.18033 20.12461 21.023796 66.189125 86.145226 42.201897 10.0 57.306194 30.870699 82.02438 86.28442 0.0 24.186773 79.624115 31.890438 30.88689 71.34424 67.052216 7.81025 86.313385 17.117243 45.54119 10.049875 11.401754 28.160255 71.568146 14.422205 40.804413 87.555695 50.635956 88.52683 3.1622777
27.294687 60.207973 62.225395 68.70953 48.332184 37.64306 81.394104 56.0803 6.708204 47.042534 27.802877 92.973114 24.020824 33.0 61.400326 94.36631 101.65137 57.00877 9.0 29.832869 83.38465 21.213203 45.17743 82.219215 99.29753 65.053825 30.413813 79.025314 52.49762 95.90099 101.92154 24.186773 0.0 90.13878 55.803226 39.45884 84.17244 86.35392 17.088007 103.46497 39.293766 63.505905 17.029387 22.472204 41.109608 90.33826 37.64306 63.63961 105.702415 63.348244 98.0 27.294687
79.30952 47.434166 60.307545 32.80244 80.13114 63.89053 9.486833 66.0303 84.0238 97.50897 69.050705 25.079872 66.1211 94.254974 29.068884 11.401754 23.409399 68.007355 81.154175 68.44706 7.615773 69.02898 77.36925 24.186773 13.601471 60.1415 69.856995 52.153618 57.801384 14.56022 24.351591 79.624115 90.13878 0.0 69.63476 51.009804 11.401754 38.626415 84.71718 31.780497 86.53901 40.22437 77.23341 71.34424 51.62364 36.138622 70.2282 60.207973 37.65634 29.12044 9.433981 79.30952
29.0 22.203604 11.045361 36.891735 13.038404 21.377558 60.60528 3.6055512 49.92995 31.06445 30.083218 57.00877 44.911022 35.1141 47.201694 66.64083 67.44627 2.0 51.0 27.856777 62.201286 43.68066 13.0 48.8467 71.17584 13.038404 26.400757 29.274563 13.038404 66.309875 67.18631 31.890438 55.803226 69.63476 0.0 39.45884 58.830265 43.185646 39.623226 64.629715 24.04163 29.410883 39.446167 35.846897 32.55764 48.259712 18.35756 12.0 64.070274 43.185646 79.05694 29.0
31.622776 28.635643 38.327538 31.400637 42.48529 20.59126 42.047592 37.12142 33.13608 55.226807 20.248457 54.56189 15.811388 47.434166 22.022715 54.91812 62.625874 39.20459 30.594116 20.615528 44.04543 18.248287 38.470768 43.829212 59.841457 40.60788 22.671568 48.76474 28.01785 56.515484 62.968246 30.88689 39.45884 51.009804 39.45884 0.0 44.72136 50.931328 34.48188 65.29931 43.185646 28.42534 26.476404 20.880613 7.0 54.037025 27.45906 39.45884 68.26419 24.04163 59.3043 31.622776
70.71068 36.71512 49.20366 21.954498 69.77822 54.91812 6.3245554 55.226807 77.781746 87.46428 61.073727 16.763054 60.41523 85.146935 23.086792 10.198039 19.849434 57.14018 75.31268 60.207973 6.0 62.968246 67.23094 13.0 15.132746 48.9183 61.400326 40.81666 47.423622 12.083046 20.518284 71.34424 84.17244 11.401754 58.830265 44.72136 0.0 27.89265 77.02597 26.076809 76.843994 29.529646 70.064255 64.03124 44.011364 26.076809 60.876926 49.0408 31.304953 21.023796 20.518284 70.71068
65.25335 26.57066 32.140316 20.0 56.0803 49.979996 33.37664 40.04997 79.64923 74.24284 59.093147 16.27882 65.60488 76.41989 37.161808 30.232433 26.076809 41.19466 78.54935 57.384666 33.734257 66.85058 55.00909 15.132746 33.30165 30.413813 57.58472 16.124516 36.67424 28.42534 25.553865 67.052216 86.35392 38.626415 43.185646 50.931328 27.89265 0.0 74.330345 21.587032 66.068146 23.021729 69.77822 63.953106 46.400433 5.0990195 53.366657 31.257 21.023796 31.304953 46.52956 65.25335
10.630146 47.759815 47.201694 58.694122 31.304953 24.351591 75.42546 40.36087 13.0 31.257 16.03122 83.18654 23.43075 18.027756 55.7315 87.0 92.65527 41.01219 16.27882 17.262676 77.41447 19.849434 28.301943 72.691124 92.0 50.0 16.763054 65.0 38.470768 88.051125 92.779305 7.81025 17.088007 84.71718 39.623226 34.48188 77.02597 74.330345 0.0 93.17188 22.36068 52.392746 8.602325 13.601471 33.13608 78.74643 22.203604 48.60041 94.641426 56.0803 93.38094 10.630146
84.85281 46.173584 53.600372 34.785053 77.41447 69.050705 32.24903 61.400326 96.79876 95.63472 77.36925 10.816654 80.95678 97.04638 46.227695 20.396078 9.055386 62.649822 95.07891 75.9276 31.304953 82.85529 76.105194 21.470911 20.024984 51.971146 76.48529 37.336308 57.035076 17.262676 8.062258 86.313385 103.46497 31.780497 64.629715 65.29931 26.076809 21.587032 93.17188 0.0 87.02299 40.792156 87.64131 81.608826 62.39391 16.492422 73.33485 52.773098 6.0 41.880783 36.013885 84.85281
14.3178215 41.4367 34.525352 55.542778 11.661903 23.600847 77.07788 26.476404 35.22783 12.0415945 24.186773 78.40918 39.56008 11.18034 59.682495 85.86617 88.68484 25.96151 38.013157 23.021729 78.92401 36.687874 11.18034 69.050705 90.70832 36.878178 20.808653 53.15073 30.265491 86.12201 88.56636 17.117243 39.293766 86.53901 24.04163 43.185646 76.843994 66.068146 22.36068 87.02299 0.0 48.052055 27.166155 27.513634 38.28838 71.02816 16.643316 35.69314 87.0919 57.697487 95.85406 14.3178215
44.181442 7.2111025 20.615528 7.615773 40.311287 28.284271 31.241 25.806976 56.797886 58.189346 36.687874 31.06445 42.638012 57.21888 21.377558 37.94733 41.01219 27.802877 55.569775 35.17101 32.80244 43.829212 37.94733 21.095022 42.72002 21.095022 35.69314 21.587032 18.027756 38.078865 41.0 45.54119 63.505905 40.22437 29.410883 28.42534 29.529646 23.021729 52.392746 40.792156 48.052055 0.0 47.169907 41.231056 23.43075 26.832815 33.01515 20.808653 42.379242 15.811388 49.648766 44.181442
13.0 43.416588 45.276924 52.886673 33.734257 20.615528 68.06615 39.40812 10.630146 37.64306 10.816654 77.36925 14.866069 25.553865 48.166378 80.1561 86.492775 40.496914 11.7046995 12.806249 70.064255 11.313708 30.083218 66.70832 85.146935 48.104053 13.453624 62.008064 35.468296 81.394104 86.683334 10.049875 17.029387 77.23341 39.446167 26.476404 70.064255 69.77822 8.602325 87.64131 27.166155 47.169907 0.0 6.0827627 26.076809 73.92564 21.095022 46.69047 89.537704 49.0408 85.70881 13.0
13.416408 37.735924 40.60788 46.840153 32.01562 15.6205 62.1289 35.35534 15.811388 38.910152 5.8309517 71.30919 12.083046 28.319605 42.296574 74.10803 80.411446 36.67424 15.6205 8.062258 64.12488 9.219544 28.071337 60.63827 79.101204 43.416588 9.486833 56.727417 30.413813 75.32596 80.60397 11.401754 22.472204 71.34424 35.846897 20.880613 64.03124 63.953106 13.601471 81.608826 27.513634 41.231056 6.0827627 0.0 20.024984 68.0294 17.720045 42.0119 83.57033 43.011627 79.9062 13.416408
28.231188 22.472204 31.400637 27.730848 36.359318 14.866069 42.296574 30.149628 34.48188 50.24938 17.464249 51.86521 19.209373 43.829212 22.803509 54.08327 60.63827 32.24903 32.695564 17.088007 44.28318 20.59126 32.449963 41.109608 59.07622 33.734257 18.788294 42.72002 21.023796 55.326305 60.876926 28.160255 41.109608 51.62364 32.55764 7.0 44.011364 46.400433 33.13608 62.39391 38.28838 23.43075 26.076809 20.024984 0.0 49.92995 21.931713 32.55764 64.84597 23.0 60.41523 28.231188
69.856995 31.04835 37.215588 22.671568 61.13101 54.405884 32.0 45.099888 83.630135 79.30952 63.324562 12.206555 69.065186 81.3019 38.587563 26.832815 21.400934 46.270943 82.36504 61.68468 32.06244 70.491135 60.0 14.3178215 29.410883 35.510563 61.983868 21.023796 41.4367 24.698177 20.808653 71.568146 90.33826 36.138622 48.259712 54.037025 26.076809 5.0990195 78.74643 16.492422 71.02816 26.832815 73.92564 68.0294 49.92995 0.0 58.0517 36.345562 16.124516 33.01515 43.462627 69.856995
12.083046 27.166155 25.0 40.1995 15.524175 7.071068 60.74537 18.439089 31.622776 28.42534 12.165525 64.00781 28.0 24.33105 43.046486 70.21396 74.02702 19.416489 32.649654 10.049875 62.625874 26.172504 11.401754 54.08327 75.13322 27.802877 8.246211 42.941822 16.763054 70.71068 74.00676 14.422205 37.64306 70.2282 18.35756 27.45906 60.876926 53.366657 22.203604 73.33485 16.643316 33.01515 21.095022 17.720045 21.931713 58.0517 0.0 26.400757 74.1485 41.231056 79.47956 12.083046
38.27532 14.3178215 1.4142135 27.58623 25.019993 26.400757 51.62364 9.219544 57.31492 43.046486 36.23534 45.54119 48.754486 46.572525 41.231056 56.0803 55.97321 10.0 57.628117 34.058773 53.037724 48.373547 24.5153 38.078865 60.41523 1.4142135 33.24154 17.464249 12.083046 55.470715 55.65968 40.804413 63.63961 60.207973 12.0 39.45884 49.0408 31.257 48.60041 52.773098 35.69314 20.808653 46.69047 42.0119 32.55764 36.345562 26.400757 0.0 52.086468 36.23534 69.52697 38.27532
85.90693 47.07441 53.037724 37.12142 77.02597 70.34202 37.576588 61.008198 99.00505 95.131485 79.05694 15.0 83.725746 97.41663 50.20956 26.305893 15.033297 62.072536 97.50897 77.491936 36.769554 85.42248 76.02631 24.839485 26.019224 51.156624 77.88453 35.69314 57.558666 23.194826 14.035668 87.555695 105.702415 37.65634 64.070274 68.26419 31.304953 21.023796 94.641426 6.0 87.0919 42.379242 89.537704 83.57033 64.84597 16.124516 74.1485 52.086468 0.0 45.453274 42.0119 85.90693
50.219517 21.954498 35.846897 12.165525 52.201534 34.785053 19.646883 39.698868 56.88585 68.96376 40.1995 31.06445 39.849716 65.14599 6.0827627 31.144823 38.626415 41.868843 54.571056 39.45884 21.587032 42.201897 49.09175 20.615528 36.124783 36.67424 40.792156 36.0 30.413813 32.55764 39.0 50.635956 63.348244 29.12044 43.185646 24.04163 21.023796 31.304953 56.0803 41.880783 57.697487 15.811388 49.0408 43.011627 23.0 33.01515 41.231056 36.23534 45.453274 0.0 38.27532 50.219517
88.32327 56.859474 69.656296 42.201897 89.55445 73.05477 18.788294 75.45197 92.0489 106.887794 77.87811 31.622776 74.00676 103.40696 37.65634 16.763054 27.0 77.42093 89.0 77.36925 17.0 77.05842 86.76981 32.80244 16.0 69.426216 78.84795 60.80296 67.23094 19.416489 28.0 88.52683 98.0 9.433981 79.05694 59.3043 20.518284 46.52956 93.38094 36.013885 95.85406 49.648766 85.70881 79.9062 60.41523 43.462627 79.47956 69.52697 42.0119 38.27532 0.0 88.32327
0.0 38.832977 36.891735 51.009804 21.189621 16.0 69.856995 29.832869 22.135944 25.495098 11.401754 75.23962 25.495098 15.811388 50.92151 80.399 85.052925 30.413813 24.33105 11.18034 71.80529 22.472204 17.888544 65.03076 85.37564 39.661064 9.486833 55.00909 28.79236 81.154175 85.09406 3.1622777 27.294687 79.30952 29.0 31.622776 70.71068 65.25335 10.630146 84.85281 14.3178215 44.181442 13.0 13.416408 28.231188 69.856995 12.083046 38.27532 85.90693 50.219517 88.32327 0.0
p
0 0 0 0 0 0
0 0 0 0 0 0
0 0 0 0 0 0
0 0 0 0 0 0
0 0 0 0 0 0
0 0 0 0 0 0
0 0 0 0 0 0
0 0 0 0 0 0
0 0 0 0 0 0
0 0 0 0 0 0
14.0 14.0 14.0 14.0 14.0 14.0
14.0 14.0 14.0 14.0 14.0 14.0
14.0 14.0 14.0 14.0 14.0 14.0
14.0 14.0 14.0 14.0 14.0 14.0
14.0 14.0 14.0 14.0 14.0 14.0
14.0 14.0 14.0 14.0 14.0 14.0
14.0 14.0 14.0 14.0 14.0 14.0
14.0 14.0 14.0 14.0 14.0 14.0
14.0 14.0 14.0 14.0 14.0 14.0
14.0 14.0 14.0 14.0 14.0 14.0
14.0 14.0 14.0 14.0 14.0 14.0
14.0 14.0 14.0 14.0 14.0 14.0
14.0 14.0 14.0 14.0 14.0 14.0
14.0 14.0 14.0 14.0 14.0 14.0
14.0 14.0 14.0 14.0 14.0 14.0
14.0 14.0 14.0 14.0 14.0 14.0
14.0 14.0 14.0 14.0 14.0 14.0
14.0 14.0 14.0 14.0 14.0 14.0
14.0 14.0 14.0 14.0 14.0 14.0
14.0 14.0 14.0 14.0 14.0 14.0
14.0 14.0 14.0 14.0 14.0 14.0
14.0 14.0 14.0 14.0 14.0 14.0
14.0 14.0 14.0 14.0 14.0 14.0
14.0 14.0 14.0 14.0 14.0 14.0
14.0 14.0 14.0 14.0 14.0 14.0
14.0 14.0 14.0 14.0 14.0 14.0
14.0 14.0 14.0 14.0 14.0 14.0
14.0 14.0 14.0 14.0 14.0 14.0
14.0 14.0 14.0 14.0 14.0 14.0
14.0 14.0 14.0 14.0 14.0 14.0
14.0 14.0 14.0 14.0 14.0 14.0
14.0 14.0 14.0 14.0 14.0 14.0
14.0 14.0 14.0 14.0 14.0 14.0
14.0 14.0 14.0 14.0 14.0 14.0
14.0 14.0 14.0 14.0 14.0 14.0
14.0 14.0 14.0 14.0 14.0 14.0
14.0 14.0 14.0 14.0 14.0 14.0
14.0 14.0 14.0 14.0 14.0 14.0
14.0 14.0 14.0 14.0 14.0 14.0
14.0 14.0 14.0 14.0 14.0 14.0
14.0 14.0 14.0 14.0 14.0 14.0
14.0 14.0 14.0 14.0 14.0 14.0
14.0 14.0 14.0 14.0 14.0 14.0
14.0 14.0 14.0 14.0 14.0 14.0
14.0 14.0 14.0 14.0 14.0 14.0
14.0 14.0 14.0 14.0 14.0 14.0
14.0 14.0 14.0 14.0 14.0 14.0
14.0 14.0 14.0 14.0 14.0 14.0
14.0 14.0 14.0 14.0 14.0 14.0
14.0 14.0 14.0 14.0 14.0 14.0
14.0 14.0 14.0 14.0 14.0 14.0
14.0 14.0 14.0 14.0 14.0 14.0
14.0 14.0 14.0 14.0 14.0 14.0
14.0 14.0 14.0 14.0 14.0 14.0
14.0 14.0 14.0 14.0 14.0 14.0
14.0 14.0 14.0 14.0 14.0 14.0
14.0 14.0 14.0 14.0 14.0 14.0
14.0 14.0 14.0 14.0 14.0 14.0
14.0 14.0 14.0 14.0 14.0 14.0
14.0 14.0 14.0 14.0 14.0 14.0
14.0 14.0 14.0 14.0 14.0 14.0
14.0 14.0 14.0 14.0 14.0 14.0
14.0 14.0 14.0 14.0 14.0 14.0
14.0 14.0 14.0 14.0 14.0 14.0
14.0 14.0 14.0 14.0 14.0 14.0
14.0 14.0 14.0 14.0 14.0 14.0
14.0 14.0 14.0 14.0 14.0 14.0
14.0 14.0 14.0 14.0 14.0 14.0
14.0 14.0 14.0 14.0 14.0 14.0
14.0 14.0 14.0 14.0 14.0 14.0
14.0 14.0 14.0 14.0 14.0 14.0
14.0 14.0 14.0 14.0 14.0 14.0
14.0 14.0 14.0 14.0 14.0 14.0
14.0 14.0 14.0 14.0 14.0 14.0
14.0 14.0 14.0 14.0 14.0 14.0
14.0 14.0 14.0 14.0 14.0 14.0
14.0 14.0 14.0 14.0 14.0 14.0
14.0 14.0 14.0 14.0 14.0 14.0
14.0 14.0 14.0 14.0 14.0 14.0
14.0 14.0 14.0 14.0 14.0 14.0
14.0 14.0 14.0 14.0 14.0 14.0
14.0 14.0 14.0 14.0 14.0 14.0
14.0 14.0 14.0 14.0 14.0 14.0
14.0 14.0 14.0 14.0 14.0 14.0
14.0 14.0 14.0 14.0 14.0 14.0
14.0 14.0 14.0 14.0 14.0 14.0
14.0 14.0 14.0 14.0 14.0 14.0
14.0 14.0 14.0 14.0 14.0 14.0
14.0 14.0 14.0 14.0 14.0 14.0
14.0 14.0 14.0 14.0 14.0 14.0
14.0 14.0 14.0 14.0 14.0 14.0
14.0 14.0 14.0 14.0 14.0 14.0
14.0 14.0 14.0 14.0 14.0 14.0
14.0 14.0 14.0 14.0 14.0 14.0
14.0 14.0 14.0 14.0 14.0 14.0
14.0 14.0 14.0 14.0 14.0 14.0
14.0 14.0 14.0 14.0 14.0 14.0
14.0 14.0 14.0 14.0 14.0 14.0
14.0 14.0 14.0 14.0 14.0 14.0
14.0 14.0 14.0 14.0 14.0 14.0
14.0 14.0 14.0 14.0 14.0 14.0
14.0 14.0 14.0 14.0 14.0 14.0
14.0 14.0 14.0 14.0 14.0 14.0
14.0 14.0 14.0 14.0 14.0 14.0
14.0 14.0 14.0 14.0 14.0 14.0
14.0 14.0 14.0 14.0 14.0 14.0
14.0 14.0 14.0 14.0 14.0 14.0
14.0 14.0 14.0 14.0 14.0 14.0
14.0 14.0 14.0 14.0 14.0 14.0
14.0 14.0 14.0 14.0 14.0 14.0
14.0 14.0 14.0 14.0 14.0 14.0
14.0 14.0 14.0 14.0 14.0 14.0
14.0 14.0 14.0 14.0 14.0 14.0
14.0 14.0 14.0 14.0 14.0 14.0
14.0 14.0 14.0 14.0 14.0 14.0
14.0 14.0 14.0 14.0 14.0 14.0
14.0 14.0 14.0 14.0 14.0 14.0
14.0 14.0 14.0 14.0 14.0 14.0
14.0 14.0 14.0 14.0 14.0 14.0
14.0 14.0 14.0 14.0 14.0 14.0
14.0 14.0 14.0 14.0 14.0 14.0
14.0 14.0 14.0 14.0 14.0 14.0
14.0 14.0 14.0 14.0 14.0 14.0
14.0 14.0 14.0 14.0 14.0 14.0
14.0 14.0 14.0 14.0 14.0 14.0
14.0 14.0 14.0 14.0 14.0 14.0
14.0 14.0 14.0 14.0 14.0 14.0
14.0 14.0 14.0 14.0 14.0 14.0
14.0 14.0 14.0 14.0 14.0 14.0
14.0 14.0 14.0 14.0 14.0 14.0
14.0 14.0 14.0 14.0 14.0 14.0
14.0 14.0 14.0 14.0 14.0 14.0
14.0 14.0 14.0 14.0 14.0 14.0
14.0 14.0 14.0 14.0 14.0 14.0
14.0 14.0 14.0 14.0 14.0 14.0
14.0 14.0 14.0 14.0 14.0 14.0
14.0 14.0 14.0 14.0 14.0 14.0
14.0 14.0 14.0 14.0 14.0 14.0
14.0 14.0 14.0 14.0 14.0 14.0
14.0 14.0 14.0 14.0 14.0 14.0
14.0 14.0 14.0 14.0 14.0 14.0
14.0 14.0 14.0 14.0 14.0 14.0
14.0 14.0 14.0 14.0 14.0 14.0
14.0 14.0 14.0 14.0 14.0 14.0
14.0 14.0 14.0 14.0 14.0 14.0
14.0 14.0 14.0 14.0 14.0 14.0
14.0 14.0 14.0 14.0 14.0 14.0
14.0 14.0 14.0 14.0 14.0 14.0
14.0 14.0 14.0 14.0 14.0 14.0
14.0 14.0 14.0 14.0 14.0 14.0
14.0 14.0 14.0 14.0 14.0 14.0
14.0 14.0 14.0 14.0 14.0 14.0
14.0 14.0 14.0 14.0 14.0 14.0
14.0 14.0 14.0 14.0 14.0 14.0
14.0 14.0 14.0 14.0 14.0 14.0
14.0 14.0 14.0 14.0 14.0 14.0
14.0 14.0 14.0 14.0 14.0 14.0
14.0 14.0 14.0 14.0 14.0 14.0
14.0 14.0 14.0 14.0 14.0 14.0
14.0 14.0 14.0 14.0 14.0 14.0
14.0 14.0 14.0 14.0 14.0 14.0
14.0 14.0 14.0 14.0 14.0 14.0
14.0 14.0 14.0 14.0 14.0 14.0
14.0 14.0 14.0 14.0 14.0 14.0
14.0 14.0 14.0 14.0 14.0 14.0
14.0 14.0 14.0 14.0 14.0 14.0
14.0 14.0 14.0 14.0 14.0 14.0
14.0 14.0 14.0 14.0 14.0 14.0
14.0 14.0 14.0 14.0 14.0 14.0
14.0 14.0 14.0 14.0 14.0 14.0
14.0 14.0 14.0 14.0 14.0 14.0
14.0 14.0 14.0 14.0 14.0 14.0
14.0 14.0 14.0 14.0 14.0 14.0
14.0 14.0 14.0 14.0 14.0 14.0
14.0 14.0 14.0 14.0 14.0 14.0
14.0 14.0 14.0 14.0 14.0 14.0
14.0 14.0 14.0 14.0 14.0 14.0
14.0 14.0 14.0 14.0 14.0 14.0
14.0 14.0 14.0 14.0 14.0 14.0
14.0 14.0 14.0 14.0 14.0 14.0
14.0 14.0 14.0 14.0 14.0 14.0
14.0 14.0 14.0 14.0 14.0 14.0
14.0 14.0 14.0 14.0 14.0 14.0
14.0 14.0 14.0 14.0 14.0 14.0
14.0 14.0 14.0 14.0 14.0 14.0
14.0 14.0 14.0 14.0 14.0 14.0
14.0 14.0 14.0 14.0 14.0 14.0
14.0 14.0 14.0 14.0 14.0 14.0
14.0 14.0 14.0 14.0 14.0 14.0
14.0 14.0 14.0 14.0 14.0 14.0
14.0 14.0 14.0 14.0 14.0 14.0
14.0 14.0 14.0 14.0 14.0 14.0
14.0 14.0 14.0 14.0 14.0 14.0
14.0 14.0 14.0 14.0 14.0 14.0
14.0 14.0 14.0 14.0 14.0 14.0
14.0 14.0 14.0 14.0 14.0 14.0
14.0 14.0 14.0 14.0 14.0 14.0
14.0 14.0 14.0 14.0 14.0 14.0
14.0 14.0 14.0 14.0 14.0 14.0
14.0 14.0 14.0 14.0 14.0 14.0
14.0 14.0 14.0 14.0 14.0 14.0
14.0 14.0 14.0 14.0 14.0 14.0
14.0 14.0 14.0 14.0 14.0 14.0
14.0 14.0 14.0 14.0 14.0 14.0
14.0 14.0 14.0 14.0 14.0 14.0
14.0 14.0 14.0 14.0 14.0 14.0
14.0 14.0 14.0 14.0 14.0 14.0
14.0 14.0 14.0 14.0 14.0 14.0
14.0 14.0 14.0 14.0 14.0 14.0
14.0 14.0 14.0 14.0 14.0 14.0
14.0 14.0 14.0 14.0 14.0 14.0
14.0 14.0 14.0 14.0 14.0 14.0
14.0 14.0 14.0 14.0 14.0 14.0
14.0 14.0 14.0 14.0 14.0 14.0
14.0 14.0 14.0 14.0 14.0 14.0
14.0 14.0 14.0 14.0 14.0 14.0
14.0 14.0 14.0 14.0 14.0 14.0
14.0 14.0 14.0 14.0 14.0 14.0
14.0 14.0 14.0 14.0 14.0 14.0
14.0 14.0 14.0 14.0 14.0 14.0
14.0 14.0 14.0 14.0 14.0 14.0
14.0 14.0 14.0 14.0 14.0 14.0
14.0 14.0 14.0 14.0 14.0 14.0
14.0 14.0 14.0 14.0 14.0 14.0
14.0 14.0 14.0 14.0 14.0 14.0
14.0 14.0 14.0 14.0 14.0 14.0
14.0 14.0 14.0 14.0 14.0 14.0
14.0 14.0 14.0 14.0 14.0 14.0
14.0 14.0 14.0 14.0 14.0 14.0
14.0 14.0 14.0 14.0 14.0 14.0
14.0 14.0 14.0 14.0 14.0 14.0
14.0 14.0 14.0 14.0 14.0 14.0
14.0 14.0 14.0 14.0 14.0 14.0
14.0 14.0 14.0 14.0 14.0 14.0
14.0 14.0 14.0 14.0 14.0 14.0
14.0 14.0 14.0 14.0 14.0 14.0
14.0 14.0 14.0 14.0 14.0 14.0
14.0 14.0 14.0 14.0 14.0 14.0
14.0 14.0 14.0 14.0 14.0 14.0
14.0 14.0 14.0 14.0 14.0 14.0
14.0 14.0 14.0 14.0 14.0 14.0
14.0 14.0 14.0 14.0 14.0 14.0
14.0 14.0 14.0 14.0 14.0 14.0
14.0 14.0 14.0 14.0 14.0 14.0
14.0 14.0 14.0 14.0 14.0 14.0
14.0 14.0 14.0 14.0 14.0 14.0
14.0 14.0 14.0 14.0 14.0 14.0
14.0 14.0 14.0 14.0 14.0 14.0
14.0 14.0 14.0 14.0 14.0 14.0
14.0 14.0 14.0 14.0 14.0 14.0
14.0 14.0 14.0 14.0 14.0 14.0
14.0 14.0 14.0 14.0 14.0 14.0
14.0 14.0 14.0 14.0 14.0 14.0
14.0 14.0 14.0 14.0 14.0 14.0
14.0 14.0 14.0 14.0 14.0 14.0
14.0 14.0 14.0 14.0 14.0 14.0
14.0 14.0 14.0 14.0 14.0 14.0
14.0 14.0 14.0 14.0 14.0 14.0
14.0 14.0 14.0 14.0 14.0 14.0
14.0 14.0 14.0 14.0 14.0 14.0
14.0 14.0 14.0 14.0 14.0 14.0
14.0 14.0 14.0 14.0 14.0 14.0
14.0 14.0 14.0 14.0 14.0 14.0
14.0 14.0 14.0 14.0 14.0 14.0
14.0 14.0 14.0 14.0 14.0 14.0
14.0 14.0 14.0 14.0 14.0 14.0
14.0 14.0 14.0 14.0 14.0 14.0
14.0 14.0 14.0 14.0 14.0 14.0
14.0 14.0 14.0 14.0 14.0 14.0
14.0 14.0 14.0 14.0 14.0 14.0
14.0 14.0 14.0 14.0 14.0 14.0
14.0 14.0 14.0 14.0 14.0 14.0
14.0 14.0 14.0 14.0 14.0 14.0
14.0 14.0 14.0 14.0 14.0 14.0
14.0 14.0 14.0 14.0 14.0 14.0
14.0 14.0 14.0 14.0 14.0 14.0
14.0 14.0 14.0 14.0 14.0 14.0
14.0 14.0 14.0 14.0 14.0 14.0
14.0 14.0 14.0 14.0 14.0 14.0
14.0 14.0 14.0 14.0 14.0 14.0
14.0 14.0 14.0 14.0 14.0 14.0
14.0 14.0 14.0 14.0 14.0 14.0
14.0 14.0 14.0 14.0 14.0 14.0
14.0 14.0 14.0 14.0 14.0 14.0
14.0 14.0 14.0 14.0 14.0 14.0
14.0 14.0 14.0 14.0 14.0 14.0
14.0 14.0 14.0 14.0 14.0 14.0
14.0 14.0 14.0 14.0 14.0 14.0
14.0 14.0 14.0 14.0 14.0 14.0
14.0 14.0 14.0 14.0 14.0 14.0
14.0 14.0 14.0 14.0 14.0 14.0
14.0 14.0 14.0 14.0 14.0 14.0
14.0 14.0 14.0 14.0 14.0 14.0
14.0 14.0 14.0 14.0 14.0 14.0
14.0 14.0 14.0 14.0 14.0 14.0
14.0 14.0 14.0 14.0 14.0 14.0
14.0 14.0 14.0 14.0 14.0 14.0
14.0 14.0 14.0 14.0 14.0 14.0
14.0 14.0 14.0 14.0 14.0 14.0
14.0 14.0 14.0 14.0 14.0 14.0
14.0 14.0 14.0 14.0 14.0 14.0
14.0 14.0 14.0 14.0 14.0 14.0
14.0 14.0 14.0 14.0 14.0 14.0
14.0 14.0 14.0 14.0 14.0 14.0
14.0 14.0 14.0 14.0 14.0 14.0
14.0 14.0 14.0 14.0 14.0 14.0
14.0 14.0 14.0 14.0 14.0 14.0
14.0 14.0 14.0 14.0 14.0 14.0
14.0 14.0 14.0 14.0 14.0 14.0
14.0 14.0 14.0 14.0 14.0 14.0
14.0 14.0 14.0 14.0 14.0 14.0
14.0 14.0 14.0 14.0 14.0 14.0
14.0 14.0 14.0 14.0 14.0 14.0
14.0 14.0 14.0 14.0 14.0 14.0
14.0 14.0 14.0 14.0 14.0 14.0
14.0 14.0 14.0 14.0 14.0 14.0
14.0 14.0 14.0 14.0 14.0 14.0
14.0 14.0 14.0 14.0 14.0 14.0
14.0 14.0 14.0 14.0 14.0 14.0
14.0 14.0 14.0 14.0 14.0 14.0
14.0 14.0 14.0 14.0 14.0 14.0
14.0 14.0 14.0 14.0 14.0 14.0
14.0 14.0 14.0 14.0 14.0 14.0
14.0 14.0 14.0 14.0 14.0 14.0
14.0 14.0 14.0 14.0 14.0 14.0
14.0 14.0 14.0 14.0 14.0 14.0
14.0 14.0 14.0 14.0 14.0 14.0
14.0 14.0 14.0 14.0 14.0 14.0
14.0 14.0 14.0 14.0 14.0 14.0
14.0 14.0 14.0 14.0 14.0 14.0
14.0 14.0 14.0 14.0 14.0 14.0
14.0 14.0 14.0 14.0 14.0 14.0
14.0 14.0 14.0 14.0 14.0 14.0
14.0 14.0 14.0 14.0 14.0 14.0
14.0 14.0 14.0 14.0 14.0 14.0
14.0 14.0 14.0 14.0 14.0 14.0
14.0 14.0 14.0 14.0 14.0 14.0
14.0 14.0 14.0 14.0 14.0 14.0
14.0 14.0 14.0 14.0 14.0 14.0
14.0 14.0 14.0 14.0 14.0 14.0
14.0 14.0 14.0 14.0 14.0 14.0
14.0 14.0 14.0 14.0 14.0 14.0
14.0 14.0 14.0 14.0 14.0 14.0
14.0 14.0 14.0 14.0 14.0 14.0
14.0 14.0 14.0 14.0 14.0 14.0
14.0 14.0 14.0 14.0 14.0 14.0
14.0 14.0 14.0 14.0 14.0 14.0
14.0 14.0 14.0 14.0 14.0 14.0
14.0 14.0 14.0 14.0 14.0 14.0
14.0 14.0 14.0 14.0 14.0 14.0
14.0 14.0 14.0 14.0 14.0 14.0
14.0 14.0 14.0 14.0 14.0 14.0
14.0 14.0 14.0 14.0 14.0 14.0
14.0 14.0 14.0 14.0 14.0 14.0
14.0 14.0 14.0 14.0 14.0 14.0
14.0 14.0 14.0 14.0 14.0 14.0
14.0 14.0 14.0 14.0 14.0 14.0
14.0 14.0 14.0 14.0 14.0 14.0
14.0 14.0 14.0 14.0 14.0 14.0
14.0 14.0 14.0 14.0 14.0 14.0
14.0 14.0 14.0 14.0 14.0 14.0
14.0 14.0 14.0 14.0 14.0 14.0
14.0 14.0 14.0 14.0 14.0 14.0
14.0 14.0 14.0 14.0 14.0 14.0
14.0 14.0 14.0 14.0 14.0 14.0
14.0 14.0 14.0 14.0 14.0 14.0
14.0 14.0 14.0 14.0 14.0 14.0
14.0 14.0 14.0 14.0 14.0 14.0
14.0 14.0 14.0 14.0 14.0 14.0
14.0 14.0 14.0 14.0 14.0 14.0
14.0 14.0 14.0 14.0 14.0 14.0
14.0 14.0 14.0 14.0 14.0 14.0
14.0 14.0 14.0 14.0 14.0 14.0
14.0 14.0 14.0 14.0 14.0 14.0
14.0 14.0 14.0 14.0 14.0 14.0
14.0 14.0 14.0 14.0 14.0 14.0
14.0 14.0 14.0 14.0 14.0 14.0
14.0 14.0 14.0 14.0 14.0 14.0
14.0 14.0 14.0 14.0 14.0 14.0
14.0 14.0 14.0 14.0 14.0 14.0
14.0 14.0 14.0 14.0 14.0 14.0
14.0 14.0 14.0 14.0 14.0 14.0
14.0 14.0 14.0 14.0 14.0 14.0
14.0 14.0 14.0 14.0 14.0 14.0
14.0 14.0 14.0 14.0 14.0 14.0
14.0 14.0 14.0 14.0 14.0 14.0
14.0 14.0 14.0 14.0 14.0 14.0
14.0 14.0 14.0 14.0 14.0 14.0
14.0 14.0 14.0 14.0 14.0 14.0
14.0 14.0 14.0 14.0 14.0 14.0
14.0 14.0 14.0 14.0 14.0 14.0
14.0 14.0 14.0 14.0 14.0 14.0
14.0 14.0 14.0 14.0 14.0 14.0
14.0 14.0 14.0 14.0 14.0 14.0
14.0 14.0 14.0 14.0 14.0 14.0
14.0 14.0 14.0 14.0 14.0 14.0
14.0 14.0 14.0 14.0 14.0 14.0
14.0 14.0 14.0 14.0 14.0 14.0
14.0 14.0 14.0 14.0 14.0 14.0
14.0 14.0 14.0 14.0 14.0 14.0
14.0 14.0 14.0 14.0 14.0 14.0
14.0 14.0 14.0 14.0 14.0 14.0
14.0 14.0 14.0 14.0 14.0 14.0
14.0 14.0 14.0 14.0 14.0 14.0
14.0 14.0 14.0 14.0 14.0 14.0
14.0 14.0 14.0 14.0 14.0 14.0
14.0 14.0 14.0 14.0 14.0 14.0
14.0 14.0 14.0 14.0 14.0 14.0
14.0 14.0 14.0 14.0 14.0 14.0
14.0 14.0 14.0 14.0 14.0 14.0
14.0 14.0 14.0 14.0 14.0 14.0
14.0 14.0 14.0 14.0 14.0 14.0
14.0 14.0 14.0 14.0 14.0 14.0
14.0 14.0 14.0 14.0 14.0 14.0
14.0 14.0 14.0 14.0 14.0 14.0
14.0 14.0 14.0 14.0 14.0 14.0
14.0 14.0 14.0 14.0 14.0 14.0
14.0 14.0 14.0 14.0 14.0 14.0
14.0 14.0 14.0 14.0 14.0 14.0
14.0 14.0 14.0 14.0 14.0 14.0
14.0 14.0 14.0 14.0 14.0 14.0
14.0 14.0 14.0 14.0 14.0 14.0
14.0 14.0 14.0 14.0 14.0 14.0
14.0 14.0 14.0 14.0 14.0 14.0
14.0 14.0 14.0 14.0 14.0 14.0
14.0 14.0 14.0 14.0 14.0 14.0
14.0 14.0 14.0 14.0 14.0 14.0
14.0 14.0 14.0 14.0 14.0 14.0
14.0 14.0 14.0 14.0 14.0 14.0
14.0 14.0 14.0 14.0 14.0 14.0
14.0 14.0 14.0 14.0 14.0 14.0
14.0 14.0 14.0 14.0 14.0 14.0
14.0 14.0 14.0 14.0 14.0 14.0
14.0 14.0 14.0 14.0 14.0 14.0
14.0 14.0 14.0 14.0 14.0 14.0
14.0 14.0 14.0 14.0 14.0 14.0
14.0 14.0 14.0 14.0 14.0 14.0
14.0 14.0 14.0 14.0 14.0 14.0
14.0 14.0 14.0 14.0 14.0 14.0
14.0 14.0 14.0 14.0 14.0 14.0
14.0 14.0 14.0 14.0 14.0 14.0
14.0 14.0 14.0 14.0 14.0 14.0
14.0 14.0 14.0 14.0 14.0 14.0
14.0 14.0 14.0 14.0 14.0 14.0
14.0 14.0 14.0 14.0 14.0 14.0
14.0 14.0 14.0 14.0 14.0 14.0
14.0 14.0 14.0 14.0 14.0 14.0
14.0 14.0 14.0 14.0 14.0 14.0
14.0 14.0 14.0 14.0 14.0 14.0
14.0 14.0 14.0 14.0 14.0 14.0
14.0 14.0 14.0 14.0 14.0 14.0
14.0 14.0 14.0 14.0 14.0 14.0
14.0 14.0 14.0 14.0 14.0 14.0
14.0 14.0 14.0 14.0 14.0 14.0
14.0 14.0 14.0 14.0 14.0 14.0
14.0 14.0 14.0 14.0 14.0 14.0
14.0 14.0 14.0 14.0 14.0 14.0
14.0 14.0 14.0 14.0 14.0 14.0
14.0 14.0 14.0 14.0 14.0 14.0
14.0 14.0 14.0 14.0 14.0 14.0
