nbNodes
102
nbVehi
20
nbServi
6
r
1 1 1 1 1 1 
0 0 0 0 1 0 
0 0 0 0 1 0 
0 0 0 0 1 0 
0 1 0 0 0 0 
1 0 0 0 0 0 
0 0 1 0 0 0 
0 0 0 1 0 0 
0 0 0 0 0 1 
0 0 0 0 0 1 
1 0 0 0 0 0 
1 0 0 0 0 0 
0 0 1 0 0 0 
0 0 1 0 0 0 
0 0 0 0 0 1 
0 0 0 0 1 0 
1 0 0 0 0 0 
1 0 0 0 0 0 
0 1 0 0 0 0 
0 0 0 1 0 0 
0 0 0 1 0 0 
1 0 0 0 0 0 
0 1 0 0 0 0 
0 0 1 0 0 0 
0 0 0 0 1 0 
0 0 0 0 0 1 
0 0 0 1 0 0 
0 1 0 0 0 0 
0 0 0 1 0 0 
0 0 0 1 0 0 
0 0 0 0 0 1 
0 0 0 0 0 1 
0 1 0 0 0 0 
0 1 0 0 0 0 
0 0 0 0 0 1 
0 0 0 0 1 0 
0 1 0 0 0 0 
0 0 0 0 0 1 
0 0 0 0 1 0 
0 0 0 0 1 0 
1 0 0 0 0 0 
0 0 0 0 0 1 
1 0 0 0 0 0 
0 0 0 0 1 0 
0 1 0 0 0 0 
0 0 1 0 0 0 
0 0 1 0 0 0 
0 0 0 0 1 0 
0 1 0 0 0 0 
0 0 0 0 0 1 
0 0 0 0 1 0 
1 0 0 0 0 0 
0 0 0 0 1 0 
0 1 0 0 0 0 
0 1 0 0 0 0 
1 0 0 0 0 0 
0 0 1 0 0 0 
0 1 0 0 0 0 
0 0 1 0 0 0 
0 0 0 1 0 0 
0 0 1 0 0 0 
0 0 0 0 1 0 
1 0 0 0 0 0 
0 0 0 0 0 1 
0 0 0 1 0 0 
1 0 0 0 0 0 
0 1 0 0 0 0 
0 0 0 0 0 1 
0 0 1 0 0 0 
0 0 0 1 0 0 
0 0 0 0 0 1 
0 0 0 1 1 0 
0 0 0 1 1 0 
0 0 0 1 0 1 
0 0 0 1 0 1 
0 0 0 1 1 0 
0 0 0 1 1 0 
0 0 0 1 1 0 
0 0 0 0 1 1 
0 0 0 1 1 0 
0 0 0 0 1 1 
0 0 0 1 0 1 
0 0 0 1 0 1 
0 0 0 1 1 0 
0 0 0 1 0 1 
0 0 0 0 1 1 
0 0 1 0 0 1 
0 0 1 0 1 0 
0 1 0 1 0 0 
1 0 0 0 1 0 
0 0 1 1 0 0 
0 0 1 0 0 1 
0 1 0 0 0 1 
0 0 1 0 0 1 
1 0 0 1 0 0 
1 0 0 0 0 1 
0 1 0 1 0 0 
1 0 0 0 1 0 
0 0 1 0 1 0 
1 0 0 1 0 0 
0 1 0 1 0 0 
1 1 1 1 1 1 
DS
72 73 74 75 76 77 78 79 80 81 82 83 84 85 86 87 88 89 90 91 92 93 94 95 96 97 98 99 100 101 
a
1 0 1 0 0 0 
1 1 1 0 0 0 
1 0 0 0 0 0 
0 1 0 0 0 0 
0 0 1 0 0 0 
0 0 1 0 0 0 
1 1 0 0 0 0 
0 0 0 1 1 1 
0 0 0 1 1 1 
0 0 0 1 0 1 
0 0 0 1 1 0 
0 0 0 0 1 0 
0 0 0 1 1 1 
0 0 0 1 1 1 
0 0 0 0 1 0 
0 0 0 0 0 1 
0 0 0 1 1 1 
0 0 0 1 1 1 
0 0 0 1 1 1 
0 0 0 1 0 1 
x
64 30 72 31 53 54 82 28 2 83 58 68 79 15 99 67 51 88 39 78 97 88 24 90 17 18 89 40 59 81 86 47 62 3 15 17 90 43 52 9 22 53 47 59 14 26 20 10 10 41 88 12 72 7 62 29 70 79 56 76 61 50 30 88 26 23 58 68 80 20 38 47 16 34 80 0 39 61 89 38 47 45 13 4 78 85 88 65 37 4 87 78 97 54 83 35 53 27 33 25 0 64 
y
15 39 25 21 49 7 42 22 36 19 19 12 47 21 22 40 9 41 16 31 23 46 35 27 13 13 22 17 34 26 27 24 44 45 34 5 9 24 11 49 2 4 32 24 34 32 10 38 13 20 18 3 38 17 37 28 31 17 36 6 8 36 0 47 12 45 29 21 42 24 44 33 22 28 12 19 46 4 48 4 48 19 28 14 11 11 34 7 42 8 29 35 49 21 30 7 3 25 43 46 0 15 
d
0.00000 41.61730 12.80625 33.54102 35.73514 12.80625 32.44996 36.67424 65.45991 19.41649 7.21110 5.00000 35.34119 49.36598 35.69314 25.17936 14.31782 35.38361 25.01999 21.26029 33.95585 39.20459 44.72136 28.63564 47.04253 46.04346 25.96151 24.08319 19.64688 20.24846 25.05993 19.23538 29.06888 67.97794 52.55473 48.05206 26.68333 22.84732 12.64911 64.66065 43.96590 15.55635 24.04163 10.29563 53.48832 41.62932 44.28318 58.69412 54.03702 23.53720 24.18677 53.36666 24.35159 57.03508 22.09072 37.33631 17.08801 15.13275 22.47221 15.00000 7.61577 25.23886 37.16181 40.00000 38.11824 50.80354 15.23155 7.21110 31.38471 44.91102 38.94868 24.75884 48.50773 32.69557 16.27882 64.12488 39.82462 11.40175 41.40048 28.23119 37.12142 19.41649 52.63079 60.00833 14.56022 21.37756 30.61046 8.06226 38.18377 60.40695 26.92582 24.41311 47.38143 11.66190 24.20744 30.08322 16.27882 38.32754 41.77320 49.81967 65.73431 0.00000 
41.61730 0.00000 44.27189 18.02776 25.07987 40.00000 52.08647 17.11724 28.16026 56.64804 34.40930 46.61545 49.64877 23.43075 71.06335 37.01351 36.61967 58.03447 24.69818 48.66210 68.88396 58.42089 7.21110 61.18823 29.06888 28.63564 61.40033 24.16609 29.42788 52.63079 57.27128 22.67157 32.38827 27.65863 15.81139 36.40055 67.08204 19.84943 35.60899 23.25941 37.85499 41.88078 18.38478 32.64966 16.76305 8.06226 30.67572 20.02498 32.80244 21.95450 61.68468 40.24922 42.01190 31.82766 32.06244 11.04536 40.79216 53.71220 26.17250 56.61272 43.84062 20.22375 39.00000 58.54912 27.29469 9.21954 29.73214 42.04759 50.08992 18.02776 9.43398 18.02776 22.02272 11.70470 56.82429 36.05551 11.40175 46.75468 59.68249 35.90265 19.23538 25.00000 20.24846 36.06938 55.56978 61.71710 58.21512 47.42362 7.61577 40.45986 57.87055 48.16638 67.74216 30.00000 53.75872 32.38827 42.72002 14.31782 5.00000 8.60233 49.20366 41.61730 
12.80625 44.27189 0.00000 41.19466 30.61046 25.45584 19.72308 44.10215 70.85901 12.52996 15.23155 13.60147 23.08679 57.14018 27.16616 15.81139 26.40076 22.62742 34.20526 8.48528 25.07987 26.40076 49.03060 18.11077 56.29387 55.31727 17.26268 32.98485 15.81139 9.05539 14.14214 25.01999 21.47091 71.84010 57.70615 58.52350 24.08319 29.01724 24.41311 67.41662 55.03635 28.31960 25.96151 13.03840 58.69412 46.52956 54.12024 63.34824 63.15061 31.40064 17.46425 63.90618 13.00000 65.49046 15.62050 43.10452 6.32456 10.63015 19.41649 19.41649 20.24846 24.59675 48.87740 27.20294 47.80167 52.92447 14.56022 5.65685 18.78829 52.00961 38.94868 26.24881 56.08030 38.11824 15.26434 72.24957 39.11521 23.70654 28.60070 39.96248 33.97058 27.65863 59.07622 68.88396 15.23155 19.10497 18.35756 19.31321 38.91015 70.09280 15.52417 11.66190 34.65545 18.43909 12.08305 41.14608 29.06888 45.00000 42.95346 51.47815 76.21680 12.80625 
33.54102 18.02776 41.19466 0.00000 35.60899 26.92582 55.15433 3.16228 32.64966 52.03845 27.07397 38.07887 54.58938 16.00000 68.00735 40.70626 23.32381 60.40695 9.43398 48.05206 66.03030 62.24147 15.65248 59.30430 16.12452 15.26434 58.00862 9.84886 30.87070 50.24938 55.32630 16.27882 38.60052 36.87818 20.61553 21.26029 60.20797 12.36932 23.25941 35.60899 21.02380 27.80288 19.41649 28.16026 21.40093 12.08305 15.55635 27.01851 22.47221 10.04988 57.07889 26.17250 44.38468 24.33105 34.88553 7.28011 40.26164 48.16638 29.15476 47.43416 32.69557 24.20744 21.02380 62.64982 10.29563 25.29822 28.16026 37.00000 53.31041 11.40175 24.04163 20.00000 15.03330 7.61577 49.81967 31.06445 26.24881 34.48188 63.97656 18.38478 31.38471 14.14214 19.31321 27.89265 48.05206 54.91812 58.46366 36.76955 21.84033 29.96665 56.56854 49.04080 71.69379 23.00000 52.77310 14.56022 28.42534 5.65685 22.09072 25.70992 37.44329 33.54102 
35.73514 25.07987 30.61046 35.60899 0.00000 42.01190 29.83287 36.79674 52.63079 42.42641 30.41381 39.92493 26.07681 47.20169 53.33854 16.64332 40.04997 35.90265 35.84690 30.80584 51.10773 35.12834 32.20248 43.04649 50.91169 50.20956 45.00000 34.53983 16.15549 36.23534 39.66106 25.70992 10.29563 50.15974 40.85340 56.85068 54.48853 26.92582 38.01316 44.00000 56.30275 45.00000 18.02776 25.70992 41.78516 31.90611 51.08816 44.38468 56.08030 31.38471 46.75468 61.61980 21.95450 56.03570 15.00000 31.89044 24.75884 41.23106 13.34166 48.76474 41.77320 13.34166 54.12947 35.05710 45.80393 30.26549 20.61553 31.76476 27.89265 41.40048 15.81139 17.08801 45.80393 28.31960 45.80393 60.90156 14.31782 45.70558 36.01389 47.43416 6.08276 31.04835 45.17743 60.21628 45.48626 49.67897 38.07887 43.68066 17.46425 63.89053 39.44617 28.65310 44.00000 28.01785 35.51056 45.69464 46.00000 35.38361 20.88061 28.16026 72.18033 35.73514 
12.80625 40.00000 25.45584 26.92582 42.01190 0.00000 44.82187 30.01666 59.53990 31.38471 12.64911 14.86607 47.16991 41.43670 47.43416 35.46830 3.60555 48.08326 17.49286 33.94113 45.88028 51.73973 41.03657 41.18252 37.48333 36.49658 38.07887 17.20465 27.45906 33.01515 37.73592 18.38478 37.85499 63.60031 47.43416 37.05401 36.05551 20.24846 4.47214 61.55485 32.38827 3.16228 25.96151 17.72005 48.25971 37.53665 34.13210 53.82379 44.40721 18.38478 35.73514 42.19005 35.84690 48.05206 31.04835 32.64966 28.84441 26.92582 29.06888 22.02272 7.07107 29.27456 25.00000 52.49762 28.44293 49.04080 22.36068 19.79899 43.60046 38.01316 40.31129 26.92582 40.85340 29.00000 26.47640 55.31727 41.78516 7.61577 53.90733 16.27882 41.59327 15.00000 46.06517 50.48762 24.33105 31.25700 43.41659 11.00000 38.91015 50.01000 39.66106 36.87818 60.10824 14.00000 37.01351 19.00000 4.12311 32.44996 41.67733 48.60041 54.45181 12.80625 
32.44996 52.08647 19.72308 55.15433 29.83287 44.82187 0.00000 57.58472 80.22468 23.02173 33.24154 33.10589 5.83095 70.21396 26.24881 15.13275 45.27693 6.08276 50.24938 11.70470 24.20744 7.21110 58.42089 17.00000 71.17584 70.26379 21.18962 48.87740 24.35159 16.03122 15.52417 39.35734 20.09975 79.05694 67.47592 74.79305 33.95585 42.95346 43.13931 73.33485 72.11103 47.80167 36.40055 29.20616 68.46897 56.88585 69.77105 72.11103 77.62087 46.52956 24.73863 80.13114 10.77033 79.05694 20.61553 54.81788 16.27882 25.17936 26.68333 36.49658 39.96248 32.55764 66.84310 7.81025 63.52952 59.07622 27.29469 25.23886 2.00000 64.56005 44.04543 36.13862 68.96376 50.00000 30.06659 85.16455 43.18565 43.41659 9.21954 58.13777 35.51056 43.56604 70.40597 82.87340 31.25700 31.14482 10.00000 38.91015 45.00000 85.08819 13.92839 8.06226 16.55295 35.00000 12.04159 58.60034 48.60041 57.56735 49.01020 57.14018 92.13034 32.44996 
36.67424 17.11724 44.10215 3.16228 36.79674 30.01666 57.58472 0.00000 29.52965 55.08176 30.14963 41.23106 56.79789 13.03840 71.00000 42.95346 26.41969 62.93648 12.52996 50.80354 69.00725 64.62198 13.60147 62.20129 14.21267 13.45362 61.00000 13.00000 33.24154 53.15073 58.21512 19.10497 40.49691 33.97058 17.69181 20.24846 63.34824 15.13275 26.40076 33.01515 20.88061 30.80584 21.47091 31.06445 18.43909 10.19804 14.42221 24.08319 20.12461 13.15295 60.13319 24.83948 46.81880 21.58703 37.16181 6.08276 42.95346 51.24451 31.30495 50.59644 35.84690 26.07681 22.09072 65.00000 10.19804 23.53720 30.80584 40.01250 55.71355 8.24621 24.16609 21.95450 12.00000 8.48528 52.95281 28.16026 26.40076 37.58989 66.30988 20.59126 32.20248 17.26268 16.15549 25.29822 51.19570 58.05170 61.18823 39.92493 21.93171 27.78489 59.41380 51.66237 74.09453 26.01922 55.57877 16.55295 31.40064 3.16228 21.58703 24.18677 35.60899 36.67424 
65.45991 28.16026 70.85901 32.64966 52.63079 59.53990 80.22468 29.52965 0.00000 82.76473 58.52350 70.22820 77.78175 19.84943 98.00510 65.12296 55.94640 86.14523 42.05948 76.16430 95.88535 86.57944 22.02272 88.45903 27.45906 28.01785 88.11924 42.48529 57.03508 79.63040 84.48077 46.57252 60.53098 9.05539 13.15295 34.43835 92.04890 42.72002 55.90170 14.76482 39.44617 60.20797 45.17743 58.24946 12.16553 24.33105 31.62278 8.24621 24.35159 42.15448 87.86353 34.48188 70.02857 19.64688 60.00833 28.16026 68.18358 79.30952 54.00000 79.84986 65.30697 48.00000 45.60702 86.70063 33.94113 22.84732 56.43580 67.68309 78.23043 21.63331 36.87818 45.09989 19.79899 32.98485 81.60882 17.11724 38.32754 67.11930 87.82369 48.16638 46.57252 46.23851 13.60147 22.09072 80.00625 86.68333 86.02325 69.35416 35.51056 28.07134 85.28775 76.00658 95.88535 54.12024 81.22192 43.93177 60.74537 27.31300 31.78050 25.07987 36.05551 65.45991 
19.41649 56.64804 12.52996 52.03845 42.42641 31.38471 23.02173 55.08176 82.76473 0.00000 25.00000 16.55295 28.28427 68.02941 16.27882 26.40076 33.52611 22.56103 44.10215 13.00000 14.56022 27.45906 61.13101 10.63015 66.27217 65.27634 6.70820 43.04649 28.30194 7.28011 8.54400 36.34556 32.64966 84.11896 69.63476 67.46851 12.20656 40.31129 32.01562 79.84986 63.32456 33.54102 38.27532 24.51530 70.61161 58.46366 63.63961 75.43209 73.24616 42.01190 5.09902 72.78049 21.95450 76.02631 27.65863 54.74486 17.69181 4.47214 31.90611 14.76482 24.59675 37.12142 56.30275 28.44293 57.42822 65.39113 26.92582 15.13275 23.19483 63.19810 51.47815 38.62642 67.06713 49.81967 7.61577 83.00000 51.62364 26.62705 29.61419 47.43416 46.22770 38.00000 70.57620 79.15807 9.43398 8.24621 15.81139 21.63331 51.42956 79.76215 10.77033 16.76305 33.10589 29.06888 11.00000 49.47727 34.00000 56.32051 55.46170 63.97656 85.14693 19.41649 
7.21110 34.40930 15.23155 27.07397 30.41381 12.64911 33.24154 30.14963 58.52350 25.00000 0.00000 12.20656 35.00000 43.04649 41.10961 22.84732 12.20656 37.20215 19.23538 23.32381 39.20459 40.36087 37.57659 32.98485 41.43670 40.44750 31.14482 18.11077 15.03330 24.04163 29.12044 12.08305 25.31798 60.83584 45.54119 43.32436 33.52611 15.81139 10.00000 57.45433 39.81206 15.81139 17.02939 5.09902 46.48656 34.53983 39.05125 51.62364 48.37355 17.02939 30.01666 48.70318 23.60085 51.03920 18.43909 30.36445 16.97056 21.09502 17.11724 22.20360 11.40175 18.78829 33.83785 41.03657 32.75668 43.60046 10.00000 10.19804 31.82766 38.32754 32.01562 17.80449 42.10701 25.63201 23.08679 58.00000 33.01515 15.29706 42.44997 25.00000 31.01612 13.00000 45.89118 54.23099 21.54066 28.16026 33.54102 13.89244 31.14482 55.10898 30.67572 25.61250 49.20366 4.47214 27.31300 25.94224 16.76305 31.57531 34.65545 42.63801 61.03278 7.21110 
5.00000 46.61545 13.60147 38.07887 39.92493 14.86607 33.10589 41.23106 70.22820 16.55295 12.20656 0.00000 36.68787 53.75872 32.57299 28.01785 17.26268 35.22783 29.27456 21.47091 31.01612 39.44617 49.64877 26.62705 51.00980 50.01000 23.25941 28.44293 23.76973 19.10497 23.43075 24.18677 32.55764 72.89719 57.38467 51.47815 22.20360 27.73085 16.03122 69.64194 47.07441 17.00000 29.00000 15.00000 58.30952 46.51881 48.04165 63.56099 58.00862 28.16026 20.88061 56.71860 26.30589 61.20457 25.70992 42.15448 19.10497 12.08305 26.83282 10.00000 8.06226 30.00000 39.84972 40.31129 42.00000 55.80323 19.72308 9.00000 32.31099 49.47727 43.86342 29.69848 52.95281 37.57659 12.00000 68.35934 44.68781 10.63015 41.67733 31.04835 41.67733 24.04163 57.28001 64.03124 10.04988 17.02939 29.73214 5.83095 43.13931 64.12488 25.49510 25.07987 47.01064 16.64332 23.43075 33.37664 17.49286 43.01163 46.75468 54.81788 69.05071 5.00000 
35.34119 49.64877 23.08679 54.58938 26.07681 47.16991 5.83095 56.79789 77.78175 28.28427 35.00000 36.68787 0.00000 69.07966 32.01562 13.89244 47.20169 10.81665 50.60632 16.03122 30.00000 9.05539 56.29387 22.82542 70.71068 69.83552 26.92582 49.20366 23.85372 21.09502 21.18962 39.40812 17.26268 76.02631 65.30697 74.88658 39.56008 42.72002 45.00000 70.02857 72.62231 50.24938 35.34119 30.47950 66.28725 55.08176 69.64194 69.58448 76.92204 46.61545 30.36445 80.15610 11.40175 78.00000 19.72308 53.48832 18.35756 30.00000 25.49510 41.10961 42.95346 31.01612 67.89698 9.00000 63.51378 56.03570 27.65863 28.23119 5.09902 63.32456 41.10961 34.92850 67.77905 48.84670 35.01428 83.81527 40.01250 46.61545 10.04988 59.41380 32.01562 44.04543 68.68042 81.93900 36.01389 36.49658 15.81139 42.37924 42.29657 84.53402 19.69772 12.04159 18.11077 36.06938 17.46425 59.46427 51.10773 56.46238 46.17359 54.00926 91.92388 35.34119 
49.36598 23.43075 57.14018 16.00000 47.20169 41.43670 70.21396 13.03840 19.84943 68.02941 43.04649 53.75872 69.07966 0.00000 84.00595 55.36244 37.94733 75.69016 24.51530 63.78871 82.02439 77.16217 16.64332 75.23962 8.24621 8.54400 74.00676 25.31798 45.88028 66.18912 71.25307 32.14032 52.32590 26.83282 13.00000 16.12452 75.95393 28.16026 38.32754 28.63564 20.24846 41.62932 33.83785 44.10215 13.03840 15.55635 12.08305 17.72005 9.43398 26.01922 73.06162 18.24829 59.48109 8.94427 49.64877 15.65248 55.90170 64.12488 43.65776 62.81720 47.80167 38.07887 25.80698 77.49194 14.21267 25.29822 43.73786 53.00000 68.30813 5.83095 32.52691 34.17601 1.41421 20.24846 65.62012 15.13275 34.65545 49.04080 78.77182 28.60070 41.86884 30.06659 7.28011 13.03840 63.78871 70.71068 74.14850 51.92302 30.41381 17.02939 72.44308 64.53681 86.64872 39.00000 68.59300 24.41311 42.04759 12.64911 28.42534 26.92582 25.80698 49.36598 
35.69314 71.06335 27.16616 68.00735 53.33854 47.43416 26.24881 71.00000 98.00510 16.27882 41.10961 32.57299 32.01562 84.00595 0.00000 36.71512 49.72927 21.95450 60.29925 22.84732 2.23607 26.40076 76.11833 10.29563 82.49242 81.49847 10.00000 59.21149 41.76123 18.43909 13.92839 52.03845 43.04649 98.71677 84.85281 83.74366 15.81139 56.03570 48.27007 93.96276 79.55501 49.39636 52.95281 40.04997 85.84288 73.68175 79.90620 90.42677 89.45390 58.03447 11.70470 89.05055 31.38471 92.13577 39.92493 70.25667 30.36445 20.61553 45.22168 28.01785 40.49691 50.96077 72.42237 27.31300 73.68175 79.40403 41.59327 31.01612 27.58623 79.02531 64.84597 53.15073 83.00000 65.27634 21.47091 99.04544 64.62198 42.04759 27.85678 63.60031 58.13777 54.08327 86.20905 95.33625 23.70654 17.80449 16.27882 37.16181 65.14599 96.02604 13.89244 24.69818 27.07397 45.01111 17.88854 65.73431 49.76947 72.06247 69.26038 77.79460 101.41499 35.69314 
25.17936 37.01351 15.81139 40.70626 16.64332 35.46830 15.13275 42.95346 65.12296 26.40076 22.84732 28.01785 13.89244 55.36244 36.71512 0.00000 34.88553 21.02380 36.87818 14.21267 34.48188 21.84033 43.28972 26.41969 56.82429 55.94640 28.42534 35.46830 10.00000 19.79899 23.02173 25.61250 6.40312 64.19502 52.34501 61.03278 38.60052 28.84441 32.64966 58.69412 58.89822 38.62642 21.54066 17.88854 53.33854 41.77320 55.75841 57.03508 63.07139 32.80244 30.41381 66.28725 5.38516 64.25730 5.83095 39.84972 9.48683 25.94224 11.70470 35.17101 32.55764 17.46425 54.48853 22.13594 49.64877 44.28318 14.21267 19.02630 13.15295 49.64877 29.27456 21.18962 54.08327 35.11410 30.87070 70.21396 28.63564 36.49658 23.40940 46.22770 21.54066 30.41381 55.31727 68.15424 31.01612 34.13210 21.84033 33.06055 30.06659 70.66116 22.82542 12.08305 31.32092 23.02173 18.86796 45.96738 39.56008 42.72002 34.13210 42.42641 78.03204 25.17936 
14.31782 36.61967 26.40076 23.32381 40.04997 3.60555 45.27693 26.41969 55.94640 33.52611 12.20656 17.26268 47.20169 37.94733 49.72927 34.88553 0.00000 48.91830 13.89244 34.82815 48.08326 52.32590 37.48333 42.95346 34.23449 33.24154 40.16217 13.60147 26.24881 34.48188 39.35734 15.52417 36.68787 60.00000 43.82921 34.23449 39.00000 17.00000 2.23607 58.00000 29.83287 5.38516 23.34524 17.00000 44.65423 33.97058 31.01612 50.21952 41.19466 14.86607 38.07887 39.45884 35.80503 44.72136 30.08322 29.06888 29.06888 29.12044 27.45906 25.17936 10.04988 27.01851 22.84732 53.03772 25.17936 45.60702 21.18962 20.80865 43.93177 34.43835 37.33631 24.33105 37.33631 25.49510 29.15476 51.97115 38.89730 11.18034 54.45181 13.92839 39.20459 11.66190 42.48529 47.26521 27.07397 34.05877 44.65423 14.14214 35.84690 47.01064 41.18252 37.48333 60.95900 12.36932 38.27532 16.12452 6.32456 28.84441 38.47077 45.22168 51.78803 14.31782 
35.38361 58.03447 22.62742 60.40695 35.90265 48.08326 6.08276 62.93648 86.14523 22.56103 37.20215 35.22783 10.81665 75.69016 21.95450 21.02380 48.91830 0.00000 55.00909 14.14214 20.12461 5.00000 64.28063 14.14214 76.32169 75.39231 19.02630 53.66563 29.83287 16.55295 14.14214 44.38468 26.17250 85.09407 73.33485 79.60528 32.06244 48.10405 46.86150 79.40403 76.66159 50.93133 41.97618 33.61547 74.33034 62.64982 74.73286 78.05767 82.87340 51.47815 23.00000 84.97058 16.27882 84.48077 26.30589 60.41523 20.59126 25.63201 32.38827 37.00000 42.63801 38.32754 71.02816 6.00000 68.44706 65.12296 32.31099 28.28427 8.06226 70.09280 50.08992 41.77320 74.46476 55.54278 30.08322 90.70832 49.25444 45.80393 7.07107 62.20129 41.59327 48.30114 76.11833 88.23265 31.62278 30.14963 7.00000 41.04875 51.00980 90.24965 12.04159 11.66190 12.04159 39.44617 12.08305 62.96825 51.66237 63.06346 55.03635 63.19810 97.08244 35.38361 
25.01999 24.69818 34.20526 9.43398 35.84690 17.49286 50.24938 12.52996 42.05948 44.10215 19.23538 29.27456 50.60632 24.51530 60.29925 36.87818 13.89244 55.00909 0.00000 41.78516 58.42089 57.45433 24.20744 52.17279 22.20360 21.21320 50.35871 1.41421 26.90725 43.17407 48.27007 11.31371 36.23534 46.22770 30.00000 24.59675 51.47815 8.94427 13.92839 44.59821 22.02272 18.43909 17.88854 21.54066 30.80584 20.61553 19.92486 36.40055 29.15476 4.47214 49.04080 29.96665 39.66106 32.01562 31.14482 15.62050 34.43835 40.01250 26.24881 38.32754 23.40940 22.82542 18.35756 57.98276 13.60147 33.12099 23.02173 29.42788 48.54894 20.61553 28.01785 18.78829 23.76973 13.00000 41.19466 39.11521 30.00000 25.05993 59.36329 12.04159 32.98485 6.70820 28.63564 35.05710 39.31921 46.27094 52.20153 27.51363 26.07681 35.90265 49.72927 43.38202 66.73080 15.81139 46.17359 9.84886 19.10497 15.00000 27.65863 33.10589 42.15448 25.01999 
21.26029 48.66210 8.48528 48.05206 30.80584 33.94113 11.70470 50.80354 76.16430 13.00000 23.32381 21.47091 16.03122 63.78871 22.84732 14.21267 34.82815 14.14214 41.78516 0.00000 20.61553 18.02776 54.14795 12.64911 63.60031 62.64184 14.21267 40.49691 19.23538 5.83095 8.94427 31.78050 20.61553 76.29548 63.07139 66.30988 25.05993 35.69314 32.80244 71.30919 63.06346 36.79674 31.01612 20.24846 64.07027 52.00961 61.68468 68.35934 70.34202 38.60052 16.40122 71.69379 9.21954 72.36712 17.08801 49.09175 8.00000 14.03567 22.56103 25.07987 28.60070 28.44293 57.14018 18.86796 55.36244 56.75385 20.09975 14.14214 11.18034 58.42089 42.05948 31.06445 62.64982 44.10215 19.10497 78.91768 41.78516 31.90611 20.24846 48.25971 35.35534 35.11410 65.06919 75.92760 20.00000 21.18962 10.44031 27.29469 42.44997 77.49194 9.21954 4.00000 26.17250 26.00000 5.09902 49.24429 37.53665 51.35173 46.57252 55.08176 83.93450 21.26029 
33.95585 68.88396 25.07987 66.03030 51.10773 45.88028 24.20744 69.00725 95.88535 14.56022 39.20459 31.01612 30.00000 82.02439 2.23607 34.48188 48.08326 20.12461 58.42089 20.61553 0.00000 24.69818 73.97973 8.06226 80.62258 79.63040 8.06226 57.31492 39.56008 16.27882 11.70470 50.01000 40.81666 96.54015 82.73452 82.00000 15.65248 54.00926 46.57252 91.76056 77.88453 47.92703 50.80354 38.01316 83.72574 71.56815 78.08969 88.28363 87.57283 56.08030 10.29563 87.32125 29.15476 90.19978 37.69615 68.18358 28.16026 18.97367 43.01163 27.01851 39.00000 48.76474 70.83784 25.63201 71.84706 77.20104 39.45884 29.06888 25.49510 77.00649 62.62587 50.99020 81.00617 63.19810 20.24846 97.08244 62.39391 40.70626 26.24881 61.98387 55.90170 52.15362 84.14868 93.43447 22.47221 16.97056 14.21267 35.77709 62.93648 94.20191 11.66190 22.47221 26.00000 43.04649 15.65248 64.03124 48.33218 70.02857 67.05222 75.58439 99.68952 33.95585 
39.20459 58.42089 26.40076 62.24147 35.12834 51.73973 7.21110 64.62198 86.57944 27.45906 40.36087 39.44617 9.05539 77.16217 26.40076 21.84033 52.32590 5.00000 57.45433 18.02776 24.69818 0.00000 64.93843 19.10497 78.29432 77.38863 24.02082 56.08030 31.38471 21.18962 19.10497 46.52956 26.07681 85.00588 73.97973 81.98780 37.05401 50.08992 50.20956 79.05694 79.32213 54.67175 43.32436 36.40055 74.96666 63.56099 76.94154 78.40918 84.69357 53.71220 28.00000 87.32125 17.88854 86.03488 27.51363 61.68468 23.43075 30.36445 33.52611 41.76123 46.61545 39.29377 74.02702 1.00000 70.71068 65.00769 34.48188 32.01562 8.94427 71.47027 50.03998 43.01163 75.89466 56.92100 34.92850 92.04890 49.00000 49.92995 2.23607 65.29931 41.04875 50.77401 77.12976 89.88882 36.40055 35.12834 12.00000 45.27693 51.15662 92.19544 17.02939 14.86607 9.48683 42.20190 16.76305 65.80274 55.44367 64.51356 55.08176 63.00000 99.29753 39.20459 
44.72136 7.21110 49.03060 15.65248 32.20248 41.03657 58.42089 13.60147 22.02272 61.13101 37.57659 49.64877 56.29387 16.64332 76.11833 43.28972 37.48333 64.28063 24.20744 54.14795 73.97973 64.93843 0.00000 66.48308 23.08679 22.80351 66.28725 24.08319 35.01428 57.70615 62.51400 25.49510 39.05125 23.25941 9.05539 30.80584 70.93659 21.95450 36.87818 20.51828 33.06055 42.44997 23.19483 36.68787 10.04988 3.60555 25.31798 14.31782 26.07681 22.67157 66.21933 34.17601 48.09366 24.75884 38.05260 8.60233 46.17359 57.87055 32.01562 59.53990 45.80393 26.01922 35.51056 65.11528 23.08679 10.04988 34.52535 46.17359 56.43580 11.70470 16.64332 23.08679 15.26434 12.20656 60.53924 28.84441 18.60108 48.27007 66.28725 34.01470 26.41969 26.40076 13.03840 29.00000 59.09315 65.55151 64.00781 49.64877 14.76482 33.60060 63.28507 54.00000 74.33034 33.10589 59.21149 30.08322 43.18565 10.44031 12.04159 11.04536 42.43819 44.72136 
28.63564 61.18823 18.11077 59.30430 43.04649 41.18252 17.00000 62.20129 88.45903 10.63015 32.98485 26.62705 22.82542 75.23962 10.29563 26.41969 42.95346 14.14214 52.17279 12.64911 8.06226 19.10497 66.48308 0.00000 74.33034 73.34848 5.09902 50.99020 31.78050 9.05539 4.00000 43.10452 32.75668 88.84256 75.32596 76.24303 18.00000 47.09565 41.23106 83.93450 72.44998 43.56604 43.28972 31.14482 76.32169 64.19502 72.03471 80.75271 81.21576 49.49747 9.21954 81.60882 21.09502 83.60024 29.73214 61.00820 20.39608 14.86607 35.17101 25.23886 34.66987 41.00000 65.79514 20.09975 65.73431 69.37579 32.06244 22.80351 18.02776 70.06426 54.70832 43.41659 74.16873 56.00893 18.02776 90.35486 54.42426 37.01351 21.02380 56.85948 47.85394 45.70558 77.00649 86.97701 20.00000 16.76305 7.28011 32.01562 55.08176 88.07383 3.60555 14.42221 23.08679 36.49658 7.61577 58.52350 44.10215 63.03174 59.20304 67.72001 93.96276 28.63564 
47.04253 29.06888 56.29387 16.12452 50.91169 37.48333 71.17584 14.21267 27.45906 66.27217 41.43670 51.00980 70.71068 8.24621 82.49242 56.82429 34.23449 76.32169 22.20360 63.60031 80.62258 78.29432 23.08679 74.33034 0.00000 1.00000 72.56032 23.34524 46.95743 65.30697 70.40597 31.95309 54.64430 34.92850 21.09502 8.00000 73.10951 28.23119 35.05710 36.87818 12.08305 37.10795 35.51056 43.41659 21.21320 21.02380 4.24264 25.96151 7.00000 25.00000 71.17584 11.18034 60.41523 10.77033 51.00000 19.20937 55.97321 62.12890 45.27693 59.41380 44.28318 40.22437 18.38478 78.72103 9.05539 32.55764 44.01136 51.62364 69.35416 11.40175 37.44329 36.05551 9.05539 22.67157 63.00794 18.02776 39.66106 44.91102 80.05623 22.84732 46.09772 28.63564 15.52417 13.03840 61.03278 68.02941 74.04053 48.37355 35.22783 13.92839 71.80529 64.84597 87.72685 37.85499 68.15424 18.97367 37.36308 15.62050 34.00000 33.95585 21.40093 47.04253 
46.04346 28.63564 55.31727 15.26434 50.20956 36.49658 70.26379 13.45362 28.01785 65.27634 40.44750 50.01000 69.83552 8.54400 81.49847 55.94640 33.24154 75.39231 21.21320 62.64184 79.63040 77.38863 22.80351 73.34848 1.00000 0.00000 71.56815 22.36068 46.06517 64.32729 69.42622 31.01612 53.82379 35.34119 21.21320 8.06226 72.11103 27.31300 34.05877 37.10795 11.70470 36.13862 34.66987 42.44997 21.37756 20.61553 3.60555 26.24881 8.00000 24.04163 70.17834 11.66190 59.50630 11.70470 50.11986 18.60108 55.02727 61.13101 44.41846 58.42089 43.28972 39.40812 17.69181 77.82031 8.06226 32.38827 43.08132 50.63596 68.44706 11.18034 36.89173 35.22783 9.21954 21.93171 62.00806 18.97367 39.11521 43.93177 79.15807 21.93171 45.45327 27.65863 15.81139 14.03567 60.03332 67.02984 73.08215 47.38143 34.66987 14.86607 70.83078 63.90618 86.81590 36.87818 67.18631 18.02776 36.40055 15.00000 33.54102 33.73426 22.20360 46.04346 
25.96151 61.40033 17.26268 58.00862 45.00000 38.07887 21.18962 61.00000 88.11924 6.70820 31.14482 23.25941 26.92582 74.00676 10.00000 28.42534 40.16217 19.02630 50.35871 14.21267 8.06226 24.02082 66.28725 5.09902 72.56032 71.56815 0.00000 49.25444 32.31099 8.94427 5.83095 42.04759 34.82815 89.02247 74.96666 73.97973 13.03840 46.04346 38.60052 84.43341 69.92138 40.24922 43.17407 30.06659 75.95393 63.78871 70.03571 80.60397 79.51101 48.04165 4.12311 79.30952 23.34524 82.15230 30.88689 60.29925 21.02380 11.18034 35.84690 20.61553 31.30495 41.43670 62.96825 25.01999 63.78871 69.89278 31.78050 21.02380 21.93171 69.02898 55.54278 43.41659 73.00000 55.32630 13.45362 89.05055 55.46170 33.28663 26.00000 54.08327 49.39636 44.10215 76.23647 85.37564 15.55635 11.70470 12.04159 28.30194 55.71355 86.14523 7.28011 17.02939 28.16026 35.01428 10.00000 56.04463 40.70626 62.07254 59.80803 68.35203 91.67879 25.96151 
24.08319 24.16609 32.98485 9.84886 34.53983 17.20465 48.87740 13.00000 42.48529 43.04649 18.11077 28.44293 49.20366 25.31798 59.21149 35.46830 13.60147 53.66563 1.41421 40.49691 57.31492 56.08030 24.08319 50.99020 23.34524 22.36068 49.25444 0.00000 25.49510 41.97618 47.07441 9.89949 34.82815 46.40043 30.23243 25.94224 50.63596 7.61577 13.41641 44.55334 23.43075 18.38478 16.55295 20.24846 31.06445 20.51828 21.18962 36.61967 30.26549 3.16228 48.01042 31.30495 38.27532 33.00000 29.73214 15.55635 33.10589 39.00000 24.83948 37.64306 22.84732 21.47091 19.72308 56.60389 14.86607 32.75668 21.63331 28.28427 47.16991 21.18962 27.07397 17.46425 24.51530 12.52996 40.31129 40.04997 29.01724 24.69818 57.98276 13.15295 31.78050 5.38516 29.15476 36.12478 38.47077 45.39824 50.92151 26.92582 25.17936 37.10795 48.50773 42.04759 65.36819 14.56022 44.92215 11.18034 19.10497 15.26434 26.92582 32.64966 43.46263 24.08319 
19.64688 29.42788 15.81139 30.87070 16.15549 27.45906 24.35159 33.24154 57.03508 28.30194 15.03330 23.76973 23.85372 45.88028 41.76123 10.00000 26.24881 29.83287 26.90725 19.23538 39.56008 31.38471 35.01428 31.78050 46.95743 46.06517 32.31099 25.49510 0.00000 23.40940 27.89265 15.62050 10.44031 57.07013 44.00000 51.03920 39.82462 18.86796 24.04163 52.20153 48.91830 30.59412 12.16553 10.00000 45.00000 33.06055 45.79301 49.16299 53.31041 22.80351 33.12099 56.30275 13.60147 54.70832 4.24264 30.59412 11.40175 26.24881 3.60555 32.75668 26.07681 9.21954 44.68781 31.78050 39.66106 37.64306 5.09902 15.81139 22.47221 40.26164 23.25941 12.04159 44.64303 25.70992 30.41381 60.87693 23.32381 30.06659 33.10589 36.61967 18.43909 20.51828 46.38965 58.52350 29.83287 34.71311 29.00000 27.65863 23.40940 60.83584 28.44293 19.02630 40.85340 13.92839 24.33105 36.12478 31.57531 33.24154 27.51363 36.05551 68.09552 19.64688 
20.24846 52.63079 9.05539 50.24938 36.23534 33.01515 16.03122 53.15073 79.63040 7.28011 24.04163 19.10497 21.09502 66.18912 18.43909 19.79899 34.48188 16.55295 43.17407 5.83095 16.27882 21.18962 57.70615 9.05539 65.30697 64.32729 8.94427 41.97618 23.40940 0.00000 5.09902 34.05877 26.17250 80.28076 66.48308 67.35726 19.23538 38.05260 32.64966 75.58439 63.69458 35.60899 34.52535 22.09072 67.47592 55.32630 63.06346 72.00694 72.18033 40.44750 10.63015 72.73239 15.00000 74.54529 21.95450 52.03845 12.08305 9.21954 26.92582 20.61553 26.90725 32.57299 57.24509 22.13594 56.75385 61.03278 23.19483 13.92839 16.03122 61.03278 46.61545 34.71311 65.12296 47.04253 14.03567 81.30191 46.51881 29.73214 23.40940 48.30114 40.49691 36.67424 68.02941 77.92946 15.29706 15.52417 10.63015 24.83948 46.81880 79.07591 6.70820 9.48683 28.01785 27.45906 4.47214 49.76947 36.23534 54.00926 50.92151 59.46427 85.07056 20.24846 
25.05993 57.27128 14.14214 55.32630 39.66106 37.73592 15.52417 58.21512 84.48077 8.54400 29.12044 23.43075 21.18962 71.25307 13.92839 23.02173 39.35734 14.14214 48.27007 8.94427 11.70470 19.10497 62.51400 4.00000 70.40597 69.42622 5.83095 47.07441 27.89265 5.09902 0.00000 39.11521 29.41088 84.92938 71.34424 72.42237 18.43909 43.10452 37.57659 80.08121 68.70953 40.22437 39.31921 27.16616 72.33948 60.20797 68.15424 76.79193 77.27872 45.54119 9.21954 77.79460 17.80449 79.63040 26.00000 57.00877 16.49242 12.20656 31.32092 23.25941 31.40064 37.10795 62.16912 20.09975 61.84658 65.52099 28.07134 18.97367 16.15549 66.06815 50.92151 39.45884 70.17834 52.00961 16.15549 86.37129 50.69517 33.97058 21.21320 53.22593 44.29447 41.77320 73.00685 83.02409 17.88854 16.03122 7.28011 29.00000 51.24451 84.17244 2.23607 11.31371 24.59675 32.55764 4.24264 54.78138 40.80441 59.03389 55.36244 63.89053 90.13878 25.05993 
19.23538 22.67157 25.01999 16.27882 25.70992 18.38478 39.35734 19.10497 46.57252 36.34556 12.08305 24.18677 39.40812 32.14032 52.03845 25.61250 15.52417 44.38468 11.31371 31.78050 50.01000 46.52956 25.49510 43.10452 31.95309 31.01612 42.04759 9.89949 15.62050 34.05877 39.11521 0.00000 25.00000 48.75449 33.52611 35.51056 45.54119 4.00000 13.92839 45.48626 33.30165 20.88061 8.00000 12.00000 34.48188 22.47221 30.41381 39.56008 38.60052 7.21110 41.43670 40.81666 28.65310 40.60788 19.84943 18.43909 24.04163 32.75668 15.00000 34.13210 21.26029 12.36932 29.41088 47.01064 24.18677 31.89044 12.08305 21.21320 37.58989 27.00000 21.93171 9.00000 31.06445 13.60147 35.11410 47.26521 23.40940 24.41311 48.37355 21.93171 24.00000 5.38516 34.23449 44.14748 33.61547 40.16217 42.20190 24.75884 20.59126 45.88028 40.31129 32.89377 55.90170 7.61577 36.49658 20.80865 21.84033 20.02498 23.60085 31.11270 52.77310 19.23538 
29.06888 32.38827 21.47091 38.60052 10.29563 37.85499 20.09975 40.49691 60.53098 32.64966 25.31798 32.55764 17.26268 52.32590 43.04649 6.40312 36.68787 26.17250 36.23534 20.61553 40.81666 26.07681 39.05125 32.75668 54.64430 53.82379 34.82815 34.82815 10.44031 26.17250 29.41088 25.00000 0.00000 59.00847 48.05206 59.54830 44.82187 27.58623 34.48188 53.23533 58.00000 41.00000 19.20937 20.22375 49.03060 37.94733 54.03702 52.34501 60.53924 31.89044 36.76955 64.66065 11.66190 61.26989 7.00000 36.67424 15.26434 31.90611 10.00000 40.49691 36.01389 14.42221 54.40588 26.17250 48.16638 39.01282 15.52417 23.76973 18.11077 46.51881 24.00000 18.60108 50.99020 32.24903 36.71512 66.85058 23.08679 40.01250 27.29469 46.64762 15.52417 30.23243 51.54610 65.29931 36.67424 40.22437 27.85678 37.12142 25.07987 68.26419 29.15476 18.35756 35.35534 24.35159 25.23886 45.80393 41.97618 39.82462 29.01724 37.05401 76.02631 29.06888 
67.97794 27.65863 71.84010 36.87818 50.15974 63.60031 79.05694 33.97058 9.05539 84.11896 60.83584 72.89719 76.02631 26.83282 98.71677 64.19502 60.00000 85.09407 46.22770 76.29548 96.54015 85.00588 23.25941 88.84256 34.92850 35.34119 89.02247 46.40043 57.07013 80.28076 84.92938 48.75449 59.00847 0.00000 16.27882 42.37924 94.15413 45.17743 59.64059 7.21110 47.01064 64.66065 45.88028 59.80803 15.55635 26.41969 38.91015 9.89949 32.75668 45.48626 89.18520 42.95346 69.35416 28.28427 59.53990 31.06445 68.44706 80.99383 53.75872 82.76473 68.79680 47.85394 52.47857 85.02353 40.22437 20.00000 57.28001 69.28925 77.05842 27.01851 35.01428 45.60702 26.41969 35.35534 83.77350 26.17250 36.01389 71.02816 86.05231 53.90733 44.10215 49.39636 19.72308 31.01612 82.34683 88.76936 85.70881 72.71864 34.13210 37.01351 85.51023 75.66373 94.08507 56.36488 81.39410 49.67897 65.29931 31.24100 30.06659 22.02272 45.09989 67.97794 
52.55473 15.81139 57.70615 20.61553 40.85340 47.43416 67.47592 17.69181 13.15295 69.63476 45.54119 57.38467 65.30697 13.00000 84.85281 52.34501 43.82921 73.33485 30.00000 63.07139 82.73452 73.97973 9.05539 75.32596 21.09502 21.21320 74.96666 30.23243 44.00000 66.48308 71.34424 33.52611 48.05206 16.27882 0.00000 29.06888 79.05694 29.73214 43.56604 16.15549 32.75668 48.41487 32.06244 45.12206 1.00000 11.18034 24.51530 6.40312 21.58703 29.52965 74.73286 31.14482 57.14018 18.78829 47.09565 15.23155 55.08176 66.21933 41.04875 67.11930 52.83938 35.05710 37.16181 74.14850 24.59675 13.60147 43.28972 54.57105 65.49046 11.18034 25.07987 32.01562 12.04159 19.92486 68.62215 21.21320 26.83282 54.91812 75.31268 37.80212 34.92850 33.54102 6.32456 22.82542 67.06713 73.68175 73.00000 56.82429 23.40940 28.23119 72.17340 63.00794 83.36066 41.10961 68.11755 33.60060 49.04080 15.00000 20.12461 15.62050 37.16181 52.55473 
48.05206 36.40055 58.52350 21.26029 56.85068 37.05401 74.79305 20.24846 34.43835 67.46851 43.32436 51.47815 74.88658 16.12452 83.74366 61.03278 34.23449 79.60528 24.59675 66.30988 82.00000 81.98780 30.80584 76.24303 8.00000 8.06226 73.97973 25.94224 51.03920 67.35726 72.42237 35.51056 59.54830 42.37924 29.06888 0.00000 73.10951 32.20248 35.51056 44.72136 5.83095 36.01389 40.36087 46.09772 29.15476 28.46050 5.83095 33.73426 10.63015 28.30194 72.18033 5.38516 64.14047 15.62050 55.21775 25.94224 59.03389 63.15061 49.81967 59.00847 44.10215 45.27693 13.92839 82.49242 11.40175 40.44750 47.50789 53.45091 73.06162 19.23538 44.29447 41.03657 17.02939 28.60070 63.38770 22.02272 46.52956 44.01136 83.86298 21.02380 52.43091 31.30495 23.34524 15.81139 61.29437 68.26419 76.69420 48.04165 42.05948 13.34166 74.00000 67.97794 91.30170 40.31129 70.57620 18.11077 36.05551 22.36068 41.23106 41.77320 17.72005 48.05206 
26.68333 67.08204 24.08319 60.20797 54.48853 36.05551 33.95585 63.34824 92.04890 12.20656 33.52611 22.20360 39.56008 75.95393 15.81139 38.60052 39.00000 32.06244 51.47815 25.05993 15.65248 37.05401 70.93659 18.00000 73.10951 72.11103 13.03840 50.63596 39.82462 19.23538 18.43909 45.54119 44.82187 94.15413 79.05694 73.10951 0.00000 49.33559 38.05260 90.33825 68.35934 37.33631 48.76474 34.43835 80.00625 68.00735 70.00714 85.09407 80.09994 50.21952 9.21954 78.23043 34.13210 83.38465 39.59798 63.89053 29.73214 13.60147 43.41659 14.31782 29.01724 48.25971 60.67125 38.05260 64.07027 76.05919 37.73592 25.05993 34.48188 71.58911 62.68174 49.24429 75.13322 59.13544 10.44031 90.55385 63.00794 29.42788 39.01282 52.23983 58.05170 46.09772 79.30952 86.14523 12.16553 5.38516 25.07987 25.07987 62.43397 86.00581 20.22375 28.63564 40.60788 37.94733 22.13594 55.03635 37.48333 65.00000 66.37017 74.79305 90.44888 26.68333 
22.84732 19.84943 29.01724 12.36932 26.92582 20.24846 42.95346 15.13275 42.72002 40.31129 15.81139 27.73085 42.72002 28.16026 56.03570 28.84441 17.00000 48.10405 8.94427 35.69314 54.00926 50.08992 21.95450 47.09565 28.23119 27.31300 46.04346 7.61577 18.86796 38.05260 43.10452 4.00000 27.58623 45.17743 29.73214 32.20248 49.33559 0.00000 15.81139 42.20190 30.41381 22.36068 8.94427 16.00000 30.67572 18.78829 26.92582 35.84690 34.78505 4.47214 45.39824 37.44329 32.20248 36.67424 23.02173 14.56022 27.89265 36.67424 17.69181 37.58989 24.08319 13.89244 27.29469 50.53712 20.80865 29.00000 15.81139 25.17936 41.14608 23.00000 20.61553 9.84886 27.07397 9.84886 38.89730 43.28972 22.36068 26.90725 51.88449 20.61553 24.33105 5.38516 30.26549 40.26164 37.33631 43.96590 46.09772 27.80288 18.97367 42.15448 44.28318 36.68787 59.50630 11.40175 40.44750 18.78829 23.25941 16.03122 21.47091 28.42534 49.24429 22.84732 
12.64911 35.60899 24.41311 23.25941 38.01316 4.47214 43.13931 26.40076 55.90170 32.01562 10.00000 16.03122 45.00000 38.32754 48.27007 32.64966 2.23607 46.86150 13.92839 32.80244 46.57252 50.20956 36.87818 41.23106 35.05710 34.05877 38.60052 13.41641 24.04163 32.64966 37.57659 13.92839 34.48188 59.64059 43.56604 35.51056 38.05260 15.81139 0.00000 57.38467 31.32092 7.07107 21.58703 14.76482 44.41846 33.42155 32.01562 49.92995 42.04759 14.21267 36.67424 40.79216 33.60060 45.39824 27.85678 28.60070 26.90725 27.65863 25.31798 24.51530 9.48683 25.07987 24.59675 50.91169 26.01922 44.68781 18.97367 18.86796 41.77320 34.53983 35.84690 22.56103 37.64306 24.75884 28.01785 52.61179 37.33631 11.40175 52.32590 15.65248 37.33631 10.63015 42.54409 48.09366 26.00000 33.00000 42.72002 13.60147 34.43835 48.09366 39.35734 35.38361 58.89822 10.19804 36.35932 17.46425 8.06226 28.65310 37.21559 44.20407 53.15073 12.64911 
64.66065 23.25941 67.41662 35.60899 44.00000 61.55485 73.33485 33.01515 14.76482 79.84986 57.45433 69.64194 70.02857 28.63564 93.96276 58.69412 58.00000 79.40403 44.59821 71.30919 91.76056 79.05694 20.51828 83.93450 36.87818 37.10795 84.43341 44.55334 52.20153 75.58439 80.08121 45.48626 53.23533 7.21110 16.15549 44.72136 90.33825 42.20190 57.38467 0.00000 48.76474 62.93648 41.62932 55.90170 15.81139 24.04163 40.52160 11.04536 36.01389 43.18565 84.86460 46.09772 63.95311 32.06244 54.34151 29.00000 63.60031 76.96753 48.76474 79.61156 66.21933 43.01163 53.31041 79.02531 40.71855 14.56022 52.92447 65.30697 71.34424 27.31300 29.42788 41.23106 27.89265 32.64966 80.06248 31.32092 30.14963 68.76772 80.00625 53.53504 38.01316 46.86150 21.37756 35.35534 78.77182 84.97058 80.41144 70.00000 28.86174 41.30375 80.52329 70.40597 88.00000 53.00000 76.40026 49.39636 63.65532 30.00000 24.73863 16.27882 49.81967 64.66065 
43.96590 37.85499 55.03635 21.02380 56.30275 32.38827 72.11103 20.88061 39.44617 63.32456 39.81206 47.07441 72.62231 20.24846 79.55501 58.89822 29.83287 76.66159 22.02272 63.06346 77.88453 79.32213 33.06055 72.44998 12.08305 11.70470 69.92138 23.43075 48.91830 63.69458 68.70953 33.30165 58.00000 47.01064 32.75668 5.83095 68.35934 30.41381 31.32092 48.76474 0.00000 31.06445 39.05125 43.04649 32.98485 30.26549 8.24621 37.94733 16.27882 26.17250 67.91171 10.04988 61.61169 21.21320 53.15073 26.92582 56.08030 58.94065 48.08326 54.14795 39.45884 44.04543 8.24621 79.88116 10.77033 43.01163 45.00000 49.76947 70.45566 22.09072 44.94441 39.82462 20.88061 28.63564 58.85576 27.80288 47.16991 39.05125 81.27115 16.12452 52.35456 28.60070 27.51363 21.63331 56.71860 63.63961 73.34848 43.28972 42.72002 18.97367 70.38466 65.00000 88.50989 37.21559 67.11930 13.92839 31.01612 23.53720 42.44997 44.10215 22.09072 43.96590 
