nbNodes
12
nbVehi
3
nbServi
6
r
1 1 1 1 1 1
0 0 1 0 0 0
0 0 1 0 0 0
1 0 0 0 0 0
0 1 0 0 0 0
1 0 0 0 0 0
1 0 0 0 0 0
0 0 0 1 0 0
0 0 0 1 1 0
0 1 0 0 0 1
0 1 0 1 0 0
1 1 1 1 1 1
DS
11 10 9
a
1  1  1  0  0  0
0  0  0  1  1  1
0  0  0  1  1  0
x
34 10 28 49 59 85 77 81 76 86 0 34
y
11 42 35 45 28 13 7 9 46 43 0 11
d
0.0 39.20459 24.738634 37.161808 30.232433 51.0392 43.185646 47.042534 54.67175 61.05735 35.735138 0.0
39.20459 0.0 19.313208 39.115215 50.96077 80.411446 75.591 78.29432 66.1211 76.00658 43.174065 39.20459
24.738634 19.313208 0.0 23.259407 31.780497 61.09828 56.435802 59.03389 49.24429 58.549126 44.82187 24.738634
37.161808 39.115215 23.259407 0.0 19.723083 48.166378 47.201694 48.166378 27.018513 37.054016 66.52819 37.161808
30.232433 50.96077 31.780497 19.723083 0.0 30.016663 27.658634 29.068884 24.758837 30.88689 65.30697 30.232433
51.0392 80.411446 61.09828 48.166378 30.016663 0.0 10.0 5.656854 34.20526 30.016663 85.98837 51.0392
43.185646 75.591 56.435802 47.201694 27.658634 10.0 0.0 4.472136 39.012817 37.107952 77.31753 43.185646
47.042534 78.29432 59.03389 48.166378 29.068884 5.656854 4.472136 0.0 37.336308 34.36568 81.49847 47.042534
54.67175 66.1211 49.24429 27.018513 24.758837 34.20526 39.012817 37.336308 0.0 10.440307 88.83693 54.67175
61.05735 76.00658 58.549126 37.054016 30.88689 30.016663 37.107952 34.36568 10.440307 0.0 96.150925 61.05735
35.735138 43.174065 44.82187 66.52819 65.30697 85.98837 77.31753 81.49847 88.83693 96.150925 0.0 35.735138
0.0 39.20459 24.738634 37.161808 30.232433 51.0392 43.185646 47.042534 54.67175 61.05735 35.735138 0.0
p
0 0 0 0 0 0
0 0 0 0 0 0
0 0 0 0 0 0
16.0 16.0 16.0 16.0 16.0 16.0
16.0 16.0 16.0 16.0 16.0 16.0
16.0 16.0 16.0 16.0 16.0 16.0
16.0 16.0 16.0 16.0 16.0 16.0
16.0 16.0 16.0 16.0 16.0 16.0
16.0 16.0 16.0 16.0 16.0 16.0
16.0 16.0 16.0 16.0 16.0 16.0
16.0 16.0 16.0 16.0 16.0 16.0
16.0 16.0 16.0 16.0 16.0 16.0
16.0 16.0 16.0 16.0 16.0 16.0
16.0 16.0 16.0 16.0 16.0 16.0
16.0 16.0 16.0 16.0 16.0 16.0
16.0 16.0 16.0 16.0 16.0 16.0
16.0 16.0 16.0 16.0 16.0 16.0
16.0 16.0 16.0 16.0 16.0 16.0
16.0 16.0 16.0 16.0 16.0 16.0
16.0 16.0 16.0 16.0 16.0 16.0
16.0 16.0 16.0 16.0 16.0 16.0
16.0 16.0 16.0 16.0 16.0 16.0
16.0 16.0 16.0 16.0 16.0 16.0
16.0 16.0 16.0 16.0 16.0 16.0
16.0 16.0 16.0 16.0 16.0 16.0
16.0 16.0 16.0 16.0 16.0 16.0
16.0 16.0 16.0 16.0 16.0 16.0
16.0 16.0 16.0 16.0 16.0 16.0
16.0 16.0 16.0 16.0 16.0 16.0
16.0 16.0 16.0 16.0 16.0 16.0
16.0 16.0 16.0 16.0 16.0 16.0
16.0 16.0 16.0 16.0 16.0 16.0
16.0 16.0 16.0 16.0 16.0 16.0
0 0 0 0 0 0
0 0 0 0 0 0
0 0 0 0 0 0
mind
36 16 21 55 32 22 32 32 0 2 35 4
maxd
72 32 42 110 64 44 64 64 0 4 70 8
e
0  134 140 450 181 408 162 69 244 19 121 0
l
600  254 260 570 301 528 282 189 364 139 241 1000
