nbNodes
52
nbVehi
10
nbServi
6
r
1 1 1 1 1 1
0 0 0 0 1 0
1 0 0 0 0 0
0 0 1 0 0 0
0 1 0 0 0 0
0 0 0 1 0 0
1 0 0 0 0 0
1 0 0 0 0 0
0 0 0 1 0 0
0 1 0 0 0 0
1 0 0 0 0 0
0 0 1 0 0 0
0 0 1 0 0 0
0 0 0 0 1 0
1 0 0 0 0 0
0 0 1 0 0 0
0 0 1 0 0 0
0 1 0 0 0 0
0 0 0 1 0 0
0 0 1 0 0 0
0 0 0 0 0 1
1 0 0 0 0 0
0 0 0 1 0 0
0 0 0 0 0 1
0 0 0 0 1 0
0 0 0 0 1 0
1 0 0 0 0 0
0 0 0 0 1 0
0 0 0 0 0 1
0 0 0 1 0 0
0 0 0 0 1 0
0 1 0 0 0 0
1 0 0 0 0 0
0 1 0 0 0 0
0 0 1 0 0 0
0 0 0 0 1 0
0 0 0 1 0 1
0 0 0 0 1 1
0 0 0 1 1 0
0 0 0 1 1 0
0 0 0 1 1 0
0 0 0 0 1 1
0 0 0 1 1 0
0 1 0 0 0 1
0 0 1 0 0 1
0 1 0 0 1 0
1 0 0 0 0 1
0 0 1 1 0 0
0 1 0 0 1 0
0 0 1 0 1 0
0 0 1 1 0 0
1 1 1 1 1 1
DS
51 50 49 48 47 46 45 44 43 42 41 40 39 38 37
a
1  0  1  0  0  0
0  0  1  0  0  0
1  1  1  0  0  0
0  0  0  1  1  1
0  0  0  1  0  1
0  0  0  0  1  0
0  0  0  1  1  1
0  0  0  1  1  0
0  0  0  1  1  1
0  0  0  1  1  1
x
8 40 89 6 47 94 34 14 67 30 78 99 56 62 53 79 7 30 97 67 2 58 42 34 36 59 98 99 58 70 14 94 34 38 94 91 35 33 8 5 31 72 46 8 35 86 3 43 70 96 0 8
y
9 29 22 7 18 4 24 7 7 47 6 11 45 0 28 38 7 32 17 15 0 47 13 44 24 17 9 39 7 13 31 17 47 24 35 20 49 5 1 5 24 26 38 47 3 49 35 21 25 42 0 9
d
0.0 37.735924 82.036575 2.828427 40.024994 86.145226 30.016663 6.3245554 59.03389 43.908997 70.064255 91.02197 60.0 54.74486 48.8467 76.6942 2.236068 31.827662 89.358826 59.3043 10.816654 62.801273 34.234486 43.60046 31.764761 51.62364 90.0 95.817535 50.039986 62.1289 22.803509 86.37129 46.043457 33.54102 89.84431 83.725746 48.259712 25.317978 8.0 5.0 27.45906 66.21933 47.801674 38.0 27.658634 87.658424 26.476404 37.0 64.03124 93.98404 12.0415945 0.0
37.735924 0.0 49.497475 40.496914 13.038404 59.5063 7.81025 34.058773 34.828148 20.59126 44.418465 61.68468 22.627417 36.40055 13.038404 40.024994 39.661064 10.440307 58.249462 30.413813 47.801674 25.455845 16.124516 16.155495 6.4031243 22.472204 61.351448 59.841457 28.42534 34.0 26.076809 55.31727 18.973665 5.3851647 54.33231 51.78803 20.615528 25.0 42.520584 42.43819 10.29563 32.140316 10.816654 36.71512 26.476404 50.159744 37.48333 8.5440035 30.265491 57.48913 49.40648 37.735924
82.036575 49.497475 0.0 84.34453 42.190044 18.681541 55.03635 76.48529 26.627054 64.07808 19.416489 14.866069 40.22437 34.828148 36.496574 18.867962 83.360664 59.841457 9.433981 23.086792 89.73851 39.824615 47.853943 59.236813 53.037724 30.413813 15.811388 19.723083 34.43835 21.023796 75.53807 7.071068 60.41523 51.0392 13.928389 2.828427 60.373837 58.5235 83.677956 85.70297 58.034473 17.464249 45.88028 84.77028 57.245087 27.166155 86.977005 46.010868 19.235384 21.189621 91.67879 82.036575
2.828427 40.496914 84.34453 0.0 42.44997 88.051125 32.75668 8.0 61.0 46.647614 72.00694 93.08598 62.801273 56.435802 51.47815 79.30952 1.0 34.655445 91.5478 61.522354 8.062258 65.60488 36.496574 46.400433 34.48188 53.935146 92.021736 98.35141 52.0 64.28063 25.298222 88.56636 48.82622 36.23534 92.34717 85.98837 51.0392 27.073973 6.3245554 2.236068 30.232433 68.68042 50.606323 40.04997 29.274563 90.35486 28.160255 39.56008 66.48308 96.56604 9.219544 2.828427
40.024994 13.038404 42.190044 42.44997 0.0 49.0408 14.3178215 34.785053 22.825424 33.61547 33.24154 52.46904 28.460499 23.43075 11.661903 37.735924 41.484936 22.022715 50.01 20.22375 48.466484 31.016125 7.071068 29.068884 12.529964 12.0415945 51.78803 56.0803 15.556349 23.537205 35.468296 47.010635 31.780497 10.816654 49.979996 44.04543 33.24154 19.104973 42.544094 43.965897 17.088007 26.24881 20.024984 48.60041 19.209373 49.819675 47.169907 5.0 24.04163 54.56189 50.32892 40.024994
86.145226 59.5063 18.681541 88.051125 49.0408 0.0 63.245552 80.05623 27.166155 77.10383 16.124516 8.602325 55.9017 32.24903 47.507893 37.161808 87.05171 69.856995 13.341664 29.15476 92.086914 56.0803 52.773098 72.11102 61.351448 37.336308 6.4031243 35.35534 36.124783 25.632011 84.4334 13.0 73.817345 59.464275 31.0 16.27882 74.20242 61.008198 86.05231 89.005615 66.09841 31.112698 58.821766 96.150925 59.008472 45.705578 96.13532 53.75872 31.890438 38.052597 94.08507 86.145226
30.016663 7.81025 55.03635 32.75668 14.3178215 63.245552 0.0 26.24881 37.12142 23.345236 47.539455 66.287254 30.413813 36.878178 19.416489 47.127487 31.906113 8.944272 63.387695 34.20526 40.0 33.24154 13.601471 20.0 2.0 25.96151 65.734314 66.70832 29.410883 37.64306 21.189621 60.40695 23.0 4.0 61.0 57.14018 25.019993 19.026299 34.713108 34.669872 3.0 38.052597 18.439089 34.713108 21.023796 57.697487 32.89377 9.486833 36.013885 64.56005 41.617306 30.016663
6.3245554 34.058773 76.48529 8.0 34.785053 80.05623 26.24881 0.0 53.0 43.081318 64.00781 85.09406 56.63921 48.507732 44.294468 72.013885 7.0 29.681644 83.60024 53.600372 13.892444 59.464275 28.635643 42.059483 27.802877 46.09772 84.0238 90.824005 44.0 56.32051 24.0 80.622574 44.72136 29.410883 84.758484 78.08969 46.957428 19.104973 8.485281 9.219544 24.04163 61.03278 44.553337 40.4475 21.377558 83.35467 30.083218 32.202484 58.821766 89.157166 15.652476 6.3245554
59.03389 34.828148 26.627054 61.0 22.825424 27.166155 37.12142 53.0 0.0 54.48853 11.045361 32.24903 39.56008 8.602325 25.23886 33.24154 60.0 44.65423 31.622776 8.0 65.37584 41.0 25.70992 49.57822 35.35534 12.806249 31.06445 45.254833 9.0 6.708204 58.18075 28.79236 51.855568 33.61547 38.8973 27.294687 52.801514 34.058773 59.3043 62.03225 39.812057 19.646883 37.44329 71.281136 32.24903 46.09772 69.856995 27.784887 18.248287 45.453274 67.36468 59.03389
43.908997 20.59126 64.07808 46.647614 33.61547 77.10383 23.345236 43.081318 54.48853 0.0 63.126858 77.82673 26.076809 56.859474 29.832869 49.819675 46.141087 15.0 73.409805 48.9183 54.708317 28.0 36.05551 5.0 23.769728 41.725292 77.89737 69.46222 48.82622 52.49762 22.627417 70.68239 4.0 24.351591 65.11528 66.70832 5.3851647 42.107006 50.990196 48.8774 23.021729 46.957428 18.35756 22.0 44.28318 56.0357 29.546574 29.068884 45.65085 66.189125 55.758408 43.908997
70.064255 44.418465 19.416489 72.00694 33.24154 16.124516 47.539455 64.00781 11.045361 63.126858 0.0 21.587032 44.777225 17.088007 33.30165 32.01562 71.00704 54.589375 21.954498 14.21267 76.23647 45.617977 36.67424 58.137768 45.694637 21.954498 20.22375 39.115215 20.024984 10.630146 68.70953 19.416489 60.1415 43.863426 33.12099 19.104973 60.811184 45.01111 70.178345 73.00685 50.32892 20.880613 45.254833 81.12336 43.104523 43.737854 80.411446 38.078865 20.615528 40.24922 78.23043 70.064255
91.02197 61.68468 14.866069 93.08598 52.46904 8.602325 66.287254 85.09406 32.24903 77.82673 21.587032 0.0 54.81788 38.600517 49.0408 33.600594 92.086914 72.12489 6.3245554 32.24903 97.62172 54.56189 57.035076 72.89719 64.327286 40.4475 2.236068 28.0 41.19466 29.068884 87.32124 7.81025 74.30343 62.369865 24.5153 12.0415945 74.431175 66.27216 91.5478 94.19129 69.2315 30.88689 59.48109 97.862144 64.49806 40.16217 98.95454 56.88585 32.202484 31.144823 99.60924 91.02197
60.0 22.627417 40.22437 62.801273 28.460499 55.9017 30.413813 56.63921 39.56008 26.076809 44.777225 54.81788 0.0 45.39824 17.262676 24.04163 62.008064 29.068884 49.648766 31.95309 70.292244 2.828427 34.928497 22.022715 29.0 28.160255 55.31727 43.416588 38.052597 34.928497 44.27189 47.201694 22.090721 27.658634 39.293766 43.011627 21.377558 46.141087 65.11528 64.815125 32.649654 24.839485 12.206555 48.04165 46.957428 30.265491 53.935146 27.294687 24.41311 40.112343 71.8401 60.0
54.74486 36.40055 34.828148 56.435802 23.43075 32.24903 36.878178 48.507732 8.602325 56.859474 17.088007 38.600517 45.39824 0.0 29.410883 41.62932 55.443665 45.254833 38.910152 15.811388 60.0 47.169907 23.853722 52.153618 35.383614 17.262676 37.107952 53.75872 8.062258 15.264338 57.14018 36.23534 54.708317 33.941124 47.423622 35.22783 55.946404 29.427877 54.00926 57.21888 39.20459 27.856777 41.231056 71.5891 27.166155 54.56189 68.60029 28.319605 26.24881 54.037025 62.0 54.74486
48.8467 13.038404 36.496574 51.47815 11.661903 47.507893 19.416489 44.294468 25.23886 29.832869 33.30165 49.0408 17.262676 29.410883 0.0 27.856777 50.566788 23.345236 45.35416 19.104973 58.18075 19.646883 18.601076 24.839485 17.464249 12.529964 48.8467 47.296936 21.587032 22.671568 39.115215 42.44997 26.870058 15.524175 41.59327 38.832977 27.658634 30.479502 52.478565 53.225933 22.36068 19.104973 12.206555 48.8467 30.805843 39.115215 50.48762 12.206555 17.262676 45.221676 59.94164 48.8467
76.6942 40.024994 18.867962 79.30952 37.735924 37.161808 47.127487 72.013885 33.24154 49.819675 32.01562 33.600594 24.04163 41.62932 27.856777 0.0 78.39005 49.365982 27.658634 25.942244 85.86617 22.847319 44.65423 45.39824 45.221676 29.0 34.669872 20.024984 37.44329 26.57066 65.37584 25.806976 45.891174 43.32436 15.297058 21.633308 45.35416 56.61272 80.06248 81.02469 50.0 13.892444 33.0 71.568146 56.22277 13.038404 76.05919 39.812057 15.811388 17.464249 87.66413 76.6942
2.236068 39.661064 83.360664 1.0 41.484936 87.05171 31.906113 7.0 60.0 46.141087 71.00704 92.086914 62.008064 55.443665 50.566788 78.39005 0.0 33.970577 90.55385 60.530983 8.602325 64.815125 35.510563 45.80393 33.61547 52.95281 91.02197 97.406364 51.0 63.28507 25.0 87.57283 48.259712 35.35534 91.394745 85.0 50.47772 26.076809 6.0827627 2.828427 29.410883 67.72001 49.819675 40.012497 28.284271 89.470665 28.284271 38.626415 65.52099 95.63472 9.899495 2.236068
31.827662 10.440307 59.841457 34.655445 22.022715 69.856995 8.944272 29.681644 44.65423 15.0 54.589375 72.12489 29.068884 45.254833 23.345236 49.365982 33.970577 0.0 68.65858 40.718548 42.520584 31.764761 22.472204 12.649111 10.0 32.649654 71.7844 69.354164 37.536648 44.28318 16.03122 65.734314 15.524175 11.313708 64.070274 62.169125 17.720045 27.166155 38.013157 36.796738 8.062258 42.426407 17.088007 26.627054 29.427877 58.5235 27.166155 17.029387 40.60788 66.75328 43.863426 31.827662
89.358826 58.249462 9.433981 91.5478 50.01 13.341664 63.387695 83.60024 31.622776 73.409805 21.954498 6.3245554 49.648766 38.910152 45.35416 27.658634 90.55385 68.65858 0.0 30.066593 96.50906 49.20366 55.145264 68.54196 61.400326 38.0 8.062258 22.090721 40.261642 27.294687 84.17244 3.0 69.77822 59.413803 18.248287 6.708204 69.77106 65.11528 90.426765 92.779305 66.37017 26.57066 55.154327 93.92018 63.560993 33.83785 95.707886 54.147945 28.160255 25.019993 98.478424 89.358826
59.3043 30.413813 23.086792 61.522354 20.22375 29.15476 34.20526 53.600372 8.0 48.9183 14.21267 32.24903 31.95309 15.811388 19.104973 25.942244 60.530983 40.718548 30.066593 0.0 66.70832 33.24154 25.079872 43.931767 32.280025 8.246211 31.575306 40.0 12.0415945 3.6055512 55.362442 27.073973 45.96738 30.364452 33.600594 24.5153 46.69047 35.44009 60.63827 62.801273 37.107952 12.083046 31.144823 67.11929 34.176014 38.948685 67.052216 24.738634 10.440307 39.623226 68.65858 59.3043
10.816654 47.801674 89.73851 8.062258 48.466484 92.086914 40.0 13.892444 65.37584 54.708317 76.23647 97.62172 70.292244 60.0 58.18075 85.86617 8.602325 42.520584 96.50906 66.70832 0.0 73.109505 42.059483 54.405884 41.617306 59.48109 96.42095 104.54664 56.435802 69.2315 33.24154 93.55747 56.859474 43.266617 98.43272 91.21951 59.07622 31.400637 6.0827627 5.8309517 37.64306 74.672615 58.137768 47.38143 33.13608 97.24711 35.014282 46.06517 72.44998 102.9563 2.0 10.816654
62.801273 25.455845 39.824615 65.60488 31.016125 56.0803 33.24154 59.464275 41.0 28.0 45.617977 54.56189 2.828427 47.169907 19.646883 22.847319 64.815125 31.764761 49.20366 33.24154 73.109505 0.0 37.576588 24.186773 31.827662 30.016663 55.17246 41.773197 40.0 36.05551 46.818798 46.8615 24.0 30.479502 37.94733 42.638012 23.086792 48.8774 67.941154 67.62396 35.468296 25.23886 15.0 50.0 49.648766 28.071337 56.293873 30.016663 25.059929 38.327538 74.65253 62.801273
34.234486 16.124516 47.853943 36.496574 7.071068 52.773098 13.601471 28.635643 25.70992 36.05551 36.67424 57.035076 34.928497 23.853722 18.601076 44.65423 35.510563 22.472204 55.145264 25.079872 42.059483 37.576588 0.0 32.01562 12.529964 17.464249 56.142673 62.649822 17.088007 28.0 33.286633 52.153618 34.928497 11.7046995 56.462376 49.497475 36.67424 12.0415945 36.05551 37.85499 15.556349 32.695564 25.317978 48.08326 12.206555 56.85068 44.777225 8.062258 30.463093 61.294373 43.965897 34.234486
43.60046 16.155495 59.236813 46.400433 29.068884 72.11102 20.0 42.059483 49.57822 5.0 58.137768 72.89719 22.022715 52.153618 24.839485 45.39824 45.80393 12.649111 68.54196 43.931767 54.405884 24.186773 32.01562 0.0 20.09975 36.796738 72.94518 65.192024 44.102154 47.507893 23.853722 65.795135 3.0 20.396078 60.671246 61.846584 5.0990195 39.012817 50.24938 48.60041 20.22375 42.047592 13.416408 26.172504 41.01219 52.23983 32.280025 24.698177 40.706264 62.03225 55.605755 43.60046
31.764761 6.4031243 53.037724 34.48188 12.529964 61.351448 2.0 27.802877 35.35534 23.769728 45.694637 64.327286 29.0 35.383614 17.464249 45.221676 33.61547 10.0 61.400326 32.280025 41.617306 31.827662 12.529964 20.09975 0.0 24.04163 63.788715 64.7611 27.802877 35.735138 23.086792 58.420887 23.086792 2.0 59.03389 55.145264 25.019993 19.235384 36.23534 36.359318 5.0 36.05551 17.20465 36.23534 21.023796 55.9017 34.785053 7.615773 34.0147 62.641838 43.266617 31.764761
51.62364 22.472204 30.413813 53.935146 12.0415945 37.336308 25.96151 46.09772 12.806249 41.725292 21.954498 40.4475 28.160255 17.262676 12.529964 29.0 52.95281 32.649654 38.0 8.246211 59.48109 30.016663 17.464249 36.796738 24.04163 0.0 39.812057 45.65085 10.049875 11.7046995 47.127487 35.0 39.051247 22.135944 39.357338 32.140316 40.0 28.635643 53.450912 55.31727 28.86174 15.811388 24.698177 59.16925 27.784887 41.868843 58.821766 16.492422 13.601471 44.65423 61.400326 51.62364
90.0 61.351448 15.811388 92.021736 51.78803 6.4031243 65.734314 84.0238 31.06445 77.89737 20.22375 2.236068 55.31727 37.107952 48.8467 34.669872 91.02197 71.7844 8.062258 31.575306 96.42095 55.17246 56.142673 72.94518 63.788715 39.812057 0.0 30.016663 40.04997 28.284271 86.833176 8.944272 74.431175 61.846584 26.305893 13.038404 74.62573 65.12296 90.35486 93.08598 68.65858 31.06445 59.5399 97.6934 63.28507 41.761227 98.49365 56.293873 32.24903 33.06055 98.4124 90.0
95.817535 59.841457 19.723083 98.35141 56.0803 35.35534 66.70832 90.824005 45.254833 69.46222 39.115215 28.0 43.416588 53.75872 47.296936 20.024984 97.406364 69.354164 22.090721 40.0 104.54664 41.773197 62.649822 65.192024 64.7611 45.65085 30.016663 0.0 52.009613 38.948685 85.37564 22.561028 65.490456 62.817196 6.4031243 20.615528 64.77654 74.24284 98.61542 99.95999 69.63476 29.966648 53.009434 91.350975 73.43024 16.40122 96.0833 58.821766 32.202484 4.2426405 106.404884 95.817535
50.039986 28.42534 34.43835 52.0 15.556349 36.124783 29.410883 44.0 9.0 48.82622 20.024984 41.19466 38.052597 8.062258 21.587032 37.44329 51.0 37.536648 40.261642 12.0415945 56.435802 40.0 17.088007 44.102154 27.802877 10.049875 40.04997 52.009613 0.0 13.416408 50.119858 37.363083 46.647614 26.24881 45.607018 35.468296 47.88528 25.079872 50.358715 53.037724 31.906113 23.600847 33.24154 64.03124 23.345236 50.47772 61.7171 20.518284 21.633308 51.662365 58.420887 50.039986
62.1289 34.0 21.023796 64.28063 23.537205 25.632011 37.64306 56.32051 6.708204 52.49762 10.630146 29.068884 34.928497 15.264338 22.671568 26.57066 63.28507 44.28318 27.294687 3.6055512 69.2315 36.05551 28.0 47.507893 35.735138 11.7046995 28.284271 38.948685 13.416408 0.0 58.821766 24.33105 49.517673 33.83785 32.55764 22.135944 50.20956 37.85499 63.15061 65.490456 40.5216 13.152946 34.655445 70.71068 36.40055 39.39543 70.5195 28.160255 12.0 38.948685 71.19691 62.1289
22.803509 26.076809 75.53807 25.298222 35.468296 84.4334 21.189621 24.0 58.18075 22.627417 68.70953 87.32124 44.27189 57.14018 39.115215 65.37584 25.0 16.03122 84.17244 55.362442 33.24154 46.818798 33.286633 23.853722 23.086792 47.127487 86.833176 85.37564 50.119858 58.821766 0.0 81.21576 25.612497 25.0 80.09994 77.781746 27.658634 32.202484 30.594116 27.513634 18.384777 58.21512 32.75668 17.088007 35.0 74.215904 11.7046995 30.675724 56.32051 82.73451 34.0147 22.803509
86.37129 55.31727 7.071068 88.56636 47.010635 13.0 60.40695 80.622574 28.79236 70.68239 19.416489 7.81025 47.201694 36.23534 42.44997 25.806976 87.57283 65.734314 3.0 27.073973 93.55747 46.8615 52.153618 65.795135 58.420887 35.0 8.944272 22.561028 37.363083 24.33105 81.21576 0.0 67.08204 56.435802 18.0 4.2426405 67.11929 62.169125 87.47571 89.80534 63.387695 23.769728 52.392746 91.08238 60.63827 32.984844 92.76314 51.156624 25.298222 25.079872 95.524864 86.37129
46.043457 18.973665 60.41523 48.82622 31.780497 73.817345 23.0 44.72136 51.855568 4.0 60.1415 74.30343 22.090721 54.708317 26.870058 45.891174 48.259712 15.524175 69.77822 45.96738 56.859474 24.0 34.928497 3.0 23.086792 39.051247 74.431175 65.490456 46.647614 49.517673 25.612497 67.08204 0.0 23.345236 61.188232 63.07139 2.236068 42.0119 52.83938 51.0392 23.194826 43.416588 15.0 26.0 44.011364 52.03845 33.24154 27.513634 42.190044 62.201286 58.00862 46.043457
33.54102 5.3851647 51.0392 36.23534 10.816654 59.464275 4.0 29.410883 33.61547 24.351591 43.863426 62.369865 27.658634 33.941124 15.524175 43.32436 35.35534 11.313708 59.413803 30.364452 43.266617 30.479502 11.7046995 20.396078 2.0 22.135944 61.846584 62.817196 26.24881 33.83785 25.0 56.435802 23.345236 0.0 57.070133 53.15073 25.179358 19.646883 37.802116 38.078865 7.0 34.058773 16.124516 37.802116 21.213203 54.120235 36.687874 5.8309517 32.01562 60.728905 44.94441 33.54102
89.84431 54.33231 13.928389 92.34717 49.979996 31.0 61.0 84.758484 38.8973 65.11528 33.12099 24.5153 39.293766 47.423622 41.59327 15.297058 91.394745 64.070274 18.248287 33.600594 98.43272 37.94733 56.462376 60.671246 59.03389 39.357338 26.305893 6.4031243 45.607018 32.55764 80.09994 18.0 61.188232 57.070133 0.0 15.297058 60.63827 67.977936 92.47703 93.92018 63.953106 23.769728 48.09366 86.833176 67.11929 16.124516 91.0 52.886673 26.0 7.28011 100.304535 89.84431
83.725746 51.78803 2.828427 85.98837 44.04543 16.27882 57.14018 78.08969 27.294687 66.70832 19.104973 12.0415945 43.011627 35.22783 38.832977 21.633308 85.0 62.169125 6.708204 24.5153 91.21951 42.638012 49.497475 61.846584 55.145264 32.140316 13.038404 20.615528 35.468296 22.135944 77.781746 4.2426405 63.07139 53.15073 15.297058 0.0 63.06346 59.908264 85.146935 87.29834 60.133186 19.924858 48.466484 87.28116 58.5235 29.427877 89.26926 48.010414 21.587032 22.561028 93.17188 83.725746
48.259712 20.615528 60.373837 51.0392 33.24154 74.20242 25.019993 46.957428 52.801514 5.3851647 60.811184 74.431175 21.377558 55.946404 27.658634 45.35416 50.47772 17.720045 69.77106 46.69047 59.07622 23.086792 36.67424 5.0990195 25.019993 40.0 74.62573 64.77654 47.88528 50.20956 27.658634 67.11929 2.236068 25.179358 60.63827 63.06346 0.0 44.04543 55.072678 53.25411 25.317978 43.56604 15.556349 27.073973 46.0 51.0 34.928497 29.12044 42.43819 61.400326 60.216278 48.259712
25.317978 25.0 58.5235 27.073973 19.104973 61.008198 19.026299 19.104973 34.058773 42.107006 45.01111 66.27216 46.141087 29.427877 30.479502 56.61272 26.076809 27.166155 65.11528 35.44009 31.400637 48.8774 12.0415945 39.012817 19.235384 28.635643 65.12296 74.24284 25.079872 37.85499 32.202484 62.169125 42.0119 19.646883 67.977936 59.908264 44.04543 0.0 25.317978 28.0 19.104973 44.294468 35.468296 48.8774 2.828427 68.88396 42.426407 18.867962 42.059483 73.061615 33.37664 25.317978
8.0 42.520584 83.677956 6.3245554 42.544094 86.05231 34.713108 8.485281 59.3043 50.990196 70.178345 91.5478 65.11528 54.00926 52.478565 80.06248 6.0827627 38.013157 90.426765 60.63827 6.0827627 67.941154 36.05551 50.24938 36.23534 53.450912 90.35486 98.61542 50.358715 63.15061 30.594116 87.47571 52.83938 37.802116 92.47703 85.146935 55.072678 25.317978 0.0 5.0 32.526913 68.70953 53.037724 46.0 27.073973 91.58602 34.36568 40.311287 66.48308 97.082436 8.062258 8.0
5.0 42.43819 85.70297 2.236068 43.965897 89.005615 34.669872 9.219544 62.03225 48.8774 73.00685 94.19129 64.815125 57.21888 53.225933 81.02469 2.828427 36.796738 92.779305 62.801273 5.8309517 67.62396 37.85499 48.60041 36.359318 55.31727 93.08598 99.95999 53.037724 65.490456 27.513634 89.80534 51.0392 38.078865 93.92018 87.29834 53.25411 28.0 5.0 0.0 32.202484 70.21396 52.63079 42.107006 30.066593 92.17918 30.066593 41.231056 68.007355 98.23441 7.071068 5.0
27.45906 10.29563 58.034473 30.232433 17.088007 66.09841 3.0 24.04163 39.812057 23.021729 50.32892 69.2315 32.649654 39.20459 22.36068 50.0 29.410883 8.062258 66.37017 37.107952 37.64306 35.468296 15.556349 20.22375 5.0 28.86174 68.65858 69.63476 31.906113 40.5216 18.384777 63.387695 23.194826 7.0 63.953106 60.133186 25.317978 19.104973 32.526913 32.202484 0.0 41.04875 20.518284 32.526913 21.377558 60.41523 30.083218 12.369317 39.012817 67.44627 39.20459 27.45906
66.21933 32.140316 17.464249 68.68042 26.24881 31.112698 38.052597 61.03278 19.646883 46.957428 20.880613 30.88689 24.839485 27.856777 19.104973 13.892444 67.72001 42.426407 26.57066 12.083046 74.672615 25.23886 32.695564 42.047592 36.05551 15.811388 31.06445 29.966648 23.600847 13.152946 58.21512 23.769728 43.416588 34.058773 23.769728 19.924858 43.56604 44.294468 68.70953 70.21396 41.04875 0.0 28.635643 67.357254 43.56604 26.925823 69.58448 29.427877 2.236068 28.84441 76.55064 66.21933
47.801674 10.816654 45.88028 50.606323 20.024984 58.821766 18.439089 44.553337 37.44329 18.35756 45.254833 59.48109 12.206555 41.231056 12.206555 33.0 49.819675 17.088007 55.154327 31.144823 58.137768 15.0 25.317978 13.416408 17.20465 24.698177 59.5399 53.009434 33.24154 34.655445 32.75668 52.392746 15.0 16.124516 48.09366 48.466484 15.556349 35.468296 53.037724 52.63079 20.518284 28.635643 0.0 39.051247 36.687874 41.484936 43.104523 17.262676 27.294687 50.159744 59.665737 47.801674
38.0 36.71512 84.77028 40.04997 48.60041 96.150925 34.713108 40.4475 71.281136 22.0 81.12336 97.862144 48.04165 71.5891 48.8467 71.568146 40.012497 26.627054 93.92018 67.11929 47.38143 50.0 48.08326 26.172504 36.23534 59.16925 97.6934 91.350975 64.03124 70.71068 17.088007 91.08238 26.0 37.802116 86.833176 87.28116 27.073973 48.8774 46.0 42.107006 32.526913 67.357254 39.051247 0.0 51.62364 78.025635 13.0 43.60046 65.78754 88.14193 47.67599 38.0
27.658634 26.476404 57.245087 29.274563 19.209373 59.008472 21.023796 21.377558 32.24903 44.28318 43.104523 64.49806 46.957428 27.166155 30.805843 56.22277 28.284271 29.427877 63.560993 34.176014 33.13608 49.648766 12.206555 41.01219 21.023796 27.784887 63.28507 73.43024 23.345236 36.40055 35.0 60.63827 44.011364 21.213203 67.11929 58.5235 46.0 2.828427 27.073973 30.066593 21.377558 43.56604 36.687874 51.62364 0.0 68.68042 45.254833 19.697716 41.340054 72.40166 35.128338 27.658634
87.658424 50.159744 27.166155 90.35486 49.819675 45.705578 57.697487 83.35467 46.09772 56.0357 43.737854 40.16217 30.265491 54.56189 39.115215 13.038404 89.470665 58.5235 33.83785 38.948685 97.24711 28.071337 56.85068 52.23983 55.9017 41.868843 41.761227 16.40122 50.47772 39.39543 74.215904 32.984844 52.03845 54.120235 16.124516 29.427877 51.0 68.88396 91.58602 92.17918 60.41523 26.925823 41.484936 78.025635 68.68042 0.0 84.17244 51.312767 28.84441 12.206555 98.9798 87.658424
26.476404 37.48333 86.977005 28.160255 47.169907 96.13532 32.89377 30.083218 69.856995 29.546574 80.411446 98.95454 53.935146 68.60029 50.48762 76.05919 28.284271 27.166155 95.707886 67.052216 35.014282 56.293873 44.777225 32.280025 34.785053 58.821766 98.49365 96.0833 61.7171 70.5195 11.7046995 92.76314 33.24154 36.687874 91.0 89.26926 34.928497 42.426407 34.36568 30.066593 30.083218 69.58448 43.104523 13.0 45.254833 84.17244 0.0 42.379242 67.74216 93.26307 35.128338 26.476404
37.0 8.5440035 46.010868 39.56008 5.0 53.75872 9.486833 32.202484 27.784887 29.068884 38.078865 56.88585 27.294687 28.319605 12.206555 39.812057 38.626415 17.029387 54.147945 24.738634 46.06517 30.016663 8.062258 24.698177 7.615773 16.492422 56.293873 58.821766 20.518284 28.160255 30.675724 51.156624 27.513634 5.8309517 52.886673 48.010414 29.12044 18.867962 40.311287 41.231056 12.369317 29.427877 17.262676 43.60046 19.697716 51.312767 42.379242 0.0 27.294687 57.00877 47.853943 37.0
64.03124 30.265491 19.235384 66.48308 24.04163 31.890438 36.013885 58.821766 18.248287 45.65085 20.615528 32.202484 24.41311 26.24881 17.262676 15.811388 65.52099 40.60788 28.160255 10.440307 72.44998 25.059929 30.463093 40.706264 34.0147 13.601471 32.24903 32.202484 21.633308 12.0 56.32051 25.298222 42.190044 32.01562 26.0 21.587032 42.43819 42.059483 66.48308 68.007355 39.012817 2.236068 27.294687 65.78754 41.340054 28.84441 67.74216 27.294687 0.0 31.06445 74.330345 64.03124
93.98404 57.48913 21.189621 96.56604 54.56189 38.052597 64.56005 89.157166 45.453274 66.189125 40.24922 31.144823 40.112343 54.037025 45.221676 17.464249 95.63472 66.75328 25.019993 39.623226 102.9563 38.327538 61.294373 62.03225 62.641838 44.65423 33.06055 4.2426405 51.662365 38.948685 82.73451 25.079872 62.201286 60.728905 7.28011 22.561028 61.400326 73.061615 97.082436 98.23441 67.44627 28.84441 50.159744 88.14193 72.40166 12.206555 93.26307 57.00877 31.06445 0.0 104.78549 93.98404
12.0415945 49.40648 91.67879 9.219544 50.32892 94.08507 41.617306 15.652476 67.36468 55.758408 78.23043 99.60924 71.8401 62.0 59.94164 87.66413 9.899495 43.863426 98.478424 68.65858 2.0 74.65253 43.965897 55.605755 43.266617 61.400326 98.4124 106.404884 58.420887 71.19691 34.0147 95.524864 58.00862 44.94441 100.304535 93.17188 60.216278 33.37664 8.062258 7.071068 39.20459 76.55064 59.665737 47.67599 35.128338 98.9798 35.128338 47.853943 74.330345 104.78549 0.0 12.0415945
0.0 37.735924 82.036575 2.828427 40.024994 86.145226 30.016663 6.3245554 59.03389 43.908997 70.064255 91.02197 60.0 54.74486 48.8467 76.6942 2.236068 31.827662 89.358826 59.3043 10.816654 62.801273 34.234486 43.60046 31.764761 51.62364 90.0 95.817535 50.039986 62.1289 22.803509 86.37129 46.043457 33.54102 89.84431 83.725746 48.259712 25.317978 8.0 5.0 27.45906 66.21933 47.801674 38.0 27.658634 87.658424 26.476404 37.0 64.03124 93.98404 12.0415945 0.0
p
0 0 0 0 0 0
0 0 0 0 0 0
0 0 0 0 0 0
0 0 0 0 0 0
0 0 0 0 0 0
0 0 0 0 0 0
0 0 0 0 0 0
0 0 0 0 0 0
0 0 0 0 0 0
0 0 0 0 0 0
11.0 11.0 11.0 11.0 11.0 11.0
11.0 11.0 11.0 11.0 11.0 11.0
11.0 11.0 11.0 11.0 11.0 11.0
11.0 11.0 11.0 11.0 11.0 11.0
11.0 11.0 11.0 11.0 11.0 11.0
11.0 11.0 11.0 11.0 11.0 11.0
11.0 11.0 11.0 11.0 11.0 11.0
11.0 11.0 11.0 11.0 11.0 11.0
11.0 11.0 11.0 11.0 11.0 11.0
11.0 11.0 11.0 11.0 11.0 11.0
11.0 11.0 11.0 11.0 11.0 11.0
11.0 11.0 11.0 11.0 11.0 11.0
11.0 11.0 11.0 11.0 11.0 11.0
11.0 11.0 11.0 11.0 11.0 11.0
11.0 11.0 11.0 11.0 11.0 11.0
11.0 11.0 11.0 11.0 11.0 11.0
11.0 11.0 11.0 11.0 11.0 11.0
11.0 11.0 11.0 11.0 11.0 11.0
11.0 11.0 11.0 11.0 11.0 11.0
11.0 11.0 11.0 11.0 11.0 11.0
11.0 11.0 11.0 11.0 11.0 11.0
11.0 11.0 11.0 11.0 11.0 11.0
11.0 11.0 11.0 11.0 11.0 11.0
11.0 11.0 11.0 11.0 11.0 11.0
11.0 11.0 11.0 11.0 11.0 11.0
11.0 11.0 11.0 11.0 11.0 11.0
11.0 11.0 11.0 11.0 11.0 11.0
11.0 11.0 11.0 11.0 11.0 11.0
11.0 11.0 11.0 11.0 11.0 11.0
11.0 11.0 11.0 11.0 11.0 11.0
11.0 11.0 11.0 11.0 11.0 11.0
11.0 11.0 11.0 11.0 11.0 11.0
11.0 11.0 11.0 11.0 11.0 11.0
11.0 11.0 11.0 11.0 11.0 11.0
11.0 11.0 11.0 11.0 11.0 11.0
11.0 11.0 11.0 11.0 11.0 11.0
11.0 11.0 11.0 11.0 11.0 11.0
11.0 11.0 11.0 11.0 11.0 11.0
11.0 11.0 11.0 11.0 11.0 11.0
11.0 11.0 11.0 11.0 11.0 11.0
11.0 11.0 11.0 11.0 11.0 11.0
11.0 11.0 11.0 11.0 11.0 11.0
11.0 11.0 11.0 11.0 11.0 11.0
11.0 11.0 11.0 11.0 11.0 11.0
11.0 11.0 11.0 11.0 11.0 11.0
11.0 11.0 11.0 11.0 11.0 11.0
11.0 11.0 11.0 11.0 11.0 11.0
11.0 11.0 11.0 11.0 11.0 11.0
11.0 11.0 11.0 11.0 11.0 11.0
11.0 11.0 11.0 11.0 11.0 11.0
11.0 11.0 11.0 11.0 11.0 11.0
11.0 11.0 11.0 11.0 11.0 11.0
11.0 11.0 11.0 11.0 11.0 11.0
11.0 11.0 11.0 11.0 11.0 11.0
11.0 11.0 11.0 11.0 11.0 11.0
11.0 11.0 11.0 11.0 11.0 11.0
11.0 11.0 11.0 11.0 11.0 11.0
11.0 11.0 11.0 11.0 11.0 11.0
11.0 11.0 11.0 11.0 11.0 11.0
11.0 11.0 11.0 11.0 11.0 11.0
11.0 11.0 11.0 11.0 11.0 11.0
11.0 11.0 11.0 11.0 11.0 11.0
11.0 11.0 11.0 11.0 11.0 11.0
11.0 11.0 11.0 11.0 11.0 11.0
11.0 11.0 11.0 11.0 11.0 11.0
11.0 11.0 11.0 11.0 11.0 11.0
11.0 11.0 11.0 11.0 11.0 11.0
11.0 11.0 11.0 11.0 11.0 11.0
11.0 11.0 11.0 11.0 11.0 11.0
11.0 11.0 11.0 11.0 11.0 11.0
11.0 11.0 11.0 11.0 11.0 11.0
11.0 11.0 11.0 11.0 11.0 11.0
11.0 11.0 11.0 11.0 11.0 11.0
11.0 11.0 11.0 11.0 11.0 11.0
11.0 11.0 11.0 11.0 11.0 11.0
11.0 11.0 11.0 11.0 11.0 11.0
11.0 11.0 11.0 11.0 11.0 11.0
11.0 11.0 11.0 11.0 11.0 11.0
11.0 11.0 11.0 11.0 11.0 11.0
11.0 11.0 11.0 11.0 11.0 11.0
11.0 11.0 11.0 11.0 11.0 11.0
11.0 11.0 11.0 11.0 11.0 11.0
11.0 11.0 11.0 11.0 11.0 11.0
11.0 11.0 11.0 11.0 11.0 11.0
11.0 11.0 11.0 11.0 11.0 11.0
11.0 11.0 11.0 11.0 11.0 11.0
11.0 11.0 11.0 11.0 11.0 11.0
11.0 11.0 11.0 11.0 11.0 11.0
11.0 11.0 11.0 11.0 11.0 11.0
11.0 11.0 11.0 11.0 11.0 11.0
11.0 11.0 11.0 11.0 11.0 11.0
11.0 11.0 11.0 11.0 11.0 11.0
11.0 11.0 11.0 11.0 11.0 11.0
11.0 11.0 11.0 11.0 11.0 11.0
11.0 11.0 11.0 11.0 11.0 11.0
11.0 11.0 11.0 11.0 11.0 11.0
11.0 11.0 11.0 11.0 11.0 11.0
11.0 11.0 11.0 11.0 11.0 11.0
11.0 11.0 11.0 11.0 11.0 11.0
11.0 11.0 11.0 11.0 11.0 11.0
11.0 11.0 11.0 11.0 11.0 11.0
11.0 11.0 11.0 11.0 11.0 11.0
11.0 11.0 11.0 11.0 11.0 11.0
11.0 11.0 11.0 11.0 11.0 11.0
11.0 11.0 11.0 11.0 11.0 11.0
11.0 11.0 11.0 11.0 11.0 11.0
11.0 11.0 11.0 11.0 11.0 11.0
11.0 11.0 11.0 11.0 11.0 11.0
11.0 11.0 11.0 11.0 11.0 11.0
11.0 11.0 11.0 11.0 11.0 11.0
11.0 11.0 11.0 11.0 11.0 11.0
11.0 11.0 11.0 11.0 11.0 11.0
11.0 11.0 11.0 11.0 11.0 11.0
11.0 11.0 11.0 11.0 11.0 11.0
11.0 11.0 11.0 11.0 11.0 11.0
11.0 11.0 11.0 11.0 11.0 11.0
11.0 11.0 11.0 11.0 11.0 11.0
11.0 11.0 11.0 11.0 11.0 11.0
11.0 11.0 11.0 11.0 11.0 11.0
11.0 11.0 11.0 11.0 11.0 11.0
11.0 11.0 11.0 11.0 11.0 11.0
11.0 11.0 11.0 11.0 11.0 11.0
11.0 11.0 11.0 11.0 11.0 11.0
11.0 11.0 11.0 11.0 11.0 11.0
11.0 11.0 11.0 11.0 11.0 11.0
11.0 11.0 11.0 11.0 11.0 11.0
11.0 11.0 11.0 11.0 11.0 11.0
11.0 11.0 11.0 11.0 11.0 11.0
11.0 11.0 11.0 11.0 11.0 11.0
11.0 11.0 11.0 11.0 11.0 11.0
11.0 11.0 11.0 11.0 11.0 11.0
11.0 11.0 11.0 11.0 11.0 11.0
11.0 11.0 11.0 11.0 11.0 11.0
11.0 11.0 11.0 11.0 11.0 11.0
11.0 11.0 11.0 11.0 11.0 11.0
11.0 11.0 11.0 11.0 11.0 11.0
11.0 11.0 11.0 11.0 11.0 11.0
11.0 11.0 11.0 11.0 11.0 11.0
11.0 11.0 11.0 11.0 11.0 11.0
11.0 11.0 11.0 11.0 11.0 11.0
11.0 11.0 11.0 11.0 11.0 11.0
11.0 11.0 11.0 11.0 11.0 11.0
11.0 11.0 11.0 11.0 11.0 11.0
11.0 11.0 11.0 11.0 11.0 11.0
11.0 11.0 11.0 11.0 11.0 11.0
11.0 11.0 11.0 11.0 11.0 11.0
11.0 11.0 11.0 11.0 11.0 11.0
11.0 11.0 11.0 11.0 11.0 11.0
11.0 11.0 11.0 11.0 11.0 11.0
11.0 11.0 11.0 11.0 11.0 11.0
11.0 11.0 11.0 11.0 11.0 11.0
11.0 11.0 11.0 11.0 11.0 11.0
11.0 11.0 11.0 11.0 11.0 11.0
11.0 11.0 11.0 11.0 11.0 11.0
11.0 11.0 11.0 11.0 11.0 11.0
11.0 11.0 11.0 11.0 11.0 11.0
11.0 11.0 11.0 11.0 11.0 11.0
11.0 11.0 11.0 11.0 11.0 11.0
11.0 11.0 11.0 11.0 11.0 11.0
11.0 11.0 11.0 11.0 11.0 11.0
11.0 11.0 11.0 11.0 11.0 11.0
11.0 11.0 11.0 11.0 11.0 11.0
11.0 11.0 11.0 11.0 11.0 11.0
11.0 11.0 11.0 11.0 11.0 11.0
11.0 11.0 11.0 11.0 11.0 11.0
11.0 11.0 11.0 11.0 11.0 11.0
11.0 11.0 11.0 11.0 11.0 11.0
11.0 11.0 11.0 11.0 11.0 11.0
11.0 11.0 11.0 11.0 11.0 11.0
11.0 11.0 11.0 11.0 11.0 11.0
11.0 11.0 11.0 11.0 11.0 11.0
11.0 11.0 11.0 11.0 11.0 11.0
11.0 11.0 11.0 11.0 11.0 11.0
11.0 11.0 11.0 11.0 11.0 11.0
11.0 11.0 11.0 11.0 11.0 11.0
11.0 11.0 11.0 11.0 11.0 11.0
11.0 11.0 11.0 11.0 11.0 11.0
11.0 11.0 11.0 11.0 11.0 11.0
11.0 11.0 11.0 11.0 11.0 11.0
11.0 11.0 11.0 11.0 11.0 11.0
11.0 11.0 11.0 11.0 11.0 11.0
11.0 11.0 11.0 11.0 11.0 11.0
11.0 11.0 11.0 11.0 11.0 11.0
11.0 11.0 11.0 11.0 11.0 11.0
11.0 11.0 11.0 11.0 11.0 11.0
11.0 11.0 11.0 11.0 11.0 11.0
11.0 11.0 11.0 11.0 11.0 11.0
11.0 11.0 11.0 11.0 11.0 11.0
11.0 11.0 11.0 11.0 11.0 11.0
11.0 11.0 11.0 11.0 11.0 11.0
11.0 11.0 11.0 11.0 11.0 11.0
11.0 11.0 11.0 11.0 11.0 11.0
11.0 11.0 11.0 11.0 11.0 11.0
11.0 11.0 11.0 11.0 11.0 11.0
11.0 11.0 11.0 11.0 11.0 11.0
11.0 11.0 11.0 11.0 11.0 11.0
11.0 11.0 11.0 11.0 11.0 11.0
11.0 11.0 11.0 11.0 11.0 11.0
11.0 11.0 11.0 11.0 11.0 11.0
11.0 11.0 11.0 11.0 11.0 11.0
11.0 11.0 11.0 11.0 11.0 11.0
11.0 11.0 11.0 11.0 11.0 11.0
11.0 11.0 11.0 11.0 11.0 11.0
11.0 11.0 11.0 11.0 11.0 11.0
11.0 11.0 11.0 11.0 11.0 11.0
11.0 11.0 11.0 11.0 11.0 11.0
11.0 11.0 11.0 11.0 11.0 11.0
11.0 11.0 11.0 11.0 11.0 11.0
11.0 11.0 11.0 11.0 11.0 11.0
11.0 11.0 11.0 11.0 11.0 11.0
11.0 11.0 11.0 11.0 11.0 11.0
11.0 11.0 11.0 11.0 11.0 11.0
11.0 11.0 11.0 11.0 11.0 11.0
11.0 11.0 11.0 11.0 11.0 11.0
11.0 11.0 11.0 11.0 11.0 11.0
11.0 11.0 11.0 11.0 11.0 11.0
11.0 11.0 11.0 11.0 11.0 11.0
11.0 11.0 11.0 11.0 11.0 11.0
11.0 11.0 11.0 11.0 11.0 11.0
11.0 11.0 11.0 11.0 11.0 11.0
11.0 11.0 11.0 11.0 11.0 11.0
11.0 11.0 11.0 11.0 11.0 11.0
11.0 11.0 11.0 11.0 11.0 11.0
11.0 11.0 11.0 11.0 11.0 11.0
11.0 11.0 11.0 11.0 11.0 11.0
11.0 11.0 11.0 11.0 11.0 11.0
11.0 11.0 11.0 11.0 11.0 11.0
11.0 11.0 11.0 11.0 11.0 11.0
11.0 11.0 11.0 11.0 11.0 11.0
11.0 11.0 11.0 11.0 11.0 11.0
11.0 11.0 11.0 11.0 11.0 11.0
11.0 11.0 11.0 11.0 11.0 11.0
11.0 11.0 11.0 11.0 11.0 11.0
11.0 11.0 11.0 11.0 11.0 11.0
11.0 11.0 11.0 11.0 11.0 11.0
11.0 11.0 11.0 11.0 11.0 11.0
11.0 11.0 11.0 11.0 11.0 11.0
11.0 11.0 11.0 11.0 11.0 11.0
11.0 11.0 11.0 11.0 11.0 11.0
11.0 11.0 11.0 11.0 11.0 11.0
11.0 11.0 11.0 11.0 11.0 11.0
11.0 11.0 11.0 11.0 11.0 11.0
11.0 11.0 11.0 11.0 11.0 11.0
11.0 11.0 11.0 11.0 11.0 11.0
11.0 11.0 11.0 11.0 11.0 11.0
11.0 11.0 11.0 11.0 11.0 11.0
11.0 11.0 11.0 11.0 11.0 11.0
11.0 11.0 11.0 11.0 11.0 11.0
11.0 11.0 11.0 11.0 11.0 11.0
11.0 11.0 11.0 11.0 11.0 11.0
11.0 11.0 11.0 11.0 11.0 11.0
11.0 11.0 11.0 11.0 11.0 11.0
11.0 11.0 11.0 11.0 11.0 11.0
11.0 11.0 11.0 11.0 11.0 11.0
11.0 11.0 11.0 11.0 11.0 11.0
11.0 11.0 11.0 11.0 11.0 11.0
11.0 11.0 11.0 11.0 11.0 11.0
11.0 11.0 11.0 11.0 11.0 11.0
11.0 11.0 11.0 11.0 11.0 11.0
11.0 11.0 11.0 11.0 11.0 11.0
11.0 11.0 11.0 11.0 11.0 11.0
11.0 11.0 11.0 11.0 11.0 11.0
11.0 11.0 11.0 11.0 11.0 11.0
11.0 11.0 11.0 11.0 11.0 11.0
11.0 11.0 11.0 11.0 11.0 11.0
11.0 11.0 11.0 11.0 11.0 11.0
11.0 11.0 11.0 11.0 11.0 11.0
11.0 11.0 11.0 11.0 11.0 11.0
11.0 11.0 11.0 11.0 11.0 11.0
11.0 11.0 11.0 11.0 11.0 11.0
11.0 11.0 11.0 11.0 11.0 11.0
11.0 11.0 11.0 11.0 11.0 11.0
11.0 11.0 11.0 11.0 11.0 11.0
11.0 11.0 11.0 11.0 11.0 11.0
11.0 11.0 11.0 11.0 11.0 11.0
11.0 11.0 11.0 11.0 11.0 11.0
11.0 11.0 11.0 11.0 11.0 11.0
11.0 11.0 11.0 11.0 11.0 11.0
11.0 11.0 11.0 11.0 11.0 11.0
11.0 11.0 11.0 11.0 11.0 11.0
11.0 11.0 11.0 11.0 11.0 11.0
11.0 11.0 11.0 11.0 11.0 11.0
11.0 11.0 11.0 11.0 11.0 11.0
11.0 11.0 11.0 11.0 11.0 11.0
11.0 11.0 11.0 11.0 11.0 11.0
11.0 11.0 11.0 11.0 11.0 11.0
11.0 11.0 11.0 11.0 11.0 11.0
11.0 11.0 11.0 11.0 11.0 11.0
11.0 11.0 11.0 11.0 11.0 11.0
11.0 11.0 11.0 11.0 11.0 11.0
11.0 11.0 11.0 11.0 11.0 11.0
11.0 11.0 11.0 11.0 11.0 11.0
11.0 11.0 11.0 11.0 11.0 11.0
11.0 11.0 11.0 11.0 11.0 11.0
11.0 11.0 11.0 11.0 11.0 11.0
11.0 11.0 11.0 11.0 11.0 11.0
11.0 11.0 11.0 11.0 11.0 11.0
11.0 11.0 11.0 11.0 11.0 11.0
11.0 11.0 11.0 11.0 11.0 11.0
11.0 11.0 11.0 11.0 11.0 11.0
11.0 11.0 11.0 11.0 11.0 11.0
11.0 11.0 11.0 11.0 11.0 11.0
11.0 11.0 11.0 11.0 11.0 11.0
11.0 11.0 11.0 11.0 11.0 11.0
11.0 11.0 11.0 11.0 11.0 11.0
11.0 11.0 11.0 11.0 11.0 11.0
11.0 11.0 11.0 11.0 11.0 11.0
11.0 11.0 11.0 11.0 11.0 11.0
11.0 11.0 11.0 11.0 11.0 11.0
11.0 11.0 11.0 11.0 11.0 11.0
11.0 11.0 11.0 11.0 11.0 11.0
11.0 11.0 11.0 11.0 11.0 11.0
11.0 11.0 11.0 11.0 11.0 11.0
11.0 11.0 11.0 11.0 11.0 11.0
11.0 11.0 11.0 11.0 11.0 11.0
11.0 11.0 11.0 11.0 11.0 11.0
11.0 11.0 11.0 11.0 11.0 11.0
11.0 11.0 11.0 11.0 11.0 11.0
11.0 11.0 11.0 11.0 11.0 11.0
11.0 11.0 11.0 11.0 11.0 11.0
11.0 11.0 11.0 11.0 11.0 11.0
11.0 11.0 11.0 11.0 11.0 11.0
11.0 11.0 11.0 11.0 11.0 11.0
11.0 11.0 11.0 11.0 11.0 11.0
11.0 11.0 11.0 11.0 11.0 11.0
11.0 11.0 11.0 11.0 11.0 11.0
11.0 11.0 11.0 11.0 11.0 11.0
11.0 11.0 11.0 11.0 11.0 11.0
11.0 11.0 11.0 11.0 11.0 11.0
11.0 11.0 11.0 11.0 11.0 11.0
11.0 11.0 11.0 11.0 11.0 11.0
11.0 11.0 11.0 11.0 11.0 11.0
11.0 11.0 11.0 11.0 11.0 11.0
11.0 11.0 11.0 11.0 11.0 11.0
11.0 11.0 11.0 11.0 11.0 11.0
11.0 11.0 11.0 11.0 11.0 11.0
11.0 11.0 11.0 11.0 11.0 11.0
11.0 11.0 11.0 11.0 11.0 11.0
11.0 11.0 11.0 11.0 11.0 11.0
11.0 11.0 11.0 11.0 11.0 11.0
11.0 11.0 11.0 11.0 11.0 11.0
11.0 11.0 11.0 11.0 11.0 11.0
11.0 11.0 11.0 11.0 11.0 11.0
11.0 11.0 11.0 11.0 11.0 11.0
11.0 11.0 11.0 11.0 11.0 11.0
11.0 11.0 11.0 11.0 11.0 11.0
11.0 11.0 11.0 11.0 11.0 11.0
11.0 11.0 11.0 11.0 11.0 11.0
11.0 11.0 11.0 11.0 11.0 11.0
11.0 11.0 11.0 11.0 11.0 11.0
11.0 11.0 11.0 11.0 11.0 11.0
11.0 11.0 11.0 11.0 11.0 11.0
11.0 11.0 11.0 11.0 11.0 11.0
11.0 11.0 11.0 11.0 11.0 11.0
11.0 11.0 11.0 11.0 11.0 11.0
11.0 11.0 11.0 11.0 11.0 11.0
11.0 11.0 11.0 11.0 11.0 11.0
11.0 11.0 11.0 11.0 11.0 11.0
11.0 11.0 11.0 11.0 11.0 11.0
11.0 11.0 11.0 11.0 11.0 11.0
11.0 11.0 11.0 11.0 11.0 11.0
11.0 11.0 11.0 11.0 11.0 11.0
11.0 11.0 11.0 11.0 11.0 11.0
11.0 11.0 11.0 11.0 11.0 11.0
11.0 11.0 11.0 11.0 11.0 11.0
11.0 11.0 11.0 11.0 11.0 11.0
11.0 11.0 11.0 11.0 11.0 11.0
11.0 11.0 11.0 11.0 11.0 11.0
11.0 11.0 11.0 11.0 11.0 11.0
11.0 11.0 11.0 11.0 11.0 11.0
11.0 11.0 11.0 11.0 11.0 11.0
11.0 11.0 11.0 11.0 11.0 11.0
11.0 11.0 11.0 11.0 11.0 11.0
11.0 11.0 11.0 11.0 11.0 11.0
11.0 11.0 11.0 11.0 11.0 11.0
11.0 11.0 11.0 11.0 11.0 11.0
11.0 11.0 11.0 11.0 11.0 11.0
11.0 11.0 11.0 11.0 11.0 11.0
11.0 11.0 11.0 11.0 11.0 11.0
11.0 11.0 11.0 11.0 11.0 11.0
11.0 11.0 11.0 11.0 11.0 11.0
11.0 11.0 11.0 11.0 11.0 11.0
11.0 11.0 11.0 11.0 11.0 11.0
11.0 11.0 11.0 11.0 11.0 11.0
11.0 11.0 11.0 11.0 11.0 11.0
11.0 11.0 11.0 11.0 11.0 11.0
11.0 11.0 11.0 11.0 11.0 11.0
11.0 11.0 11.0 11.0 11.0 11.0
11.0 11.0 11.0 11.0 11.0 11.0
11.0 11.0 11.0 11.0 11.0 11.0
11.0 11.0 11.0 11.0 11.0 11.0
11.0 11.0 11.0 11.0 11.0 11.0
11.0 11.0 11.0 11.0 11.0 11.0
11.0 11.0 11.0 11.0 11.0 11.0
11.0 11.0 11.0 11.0 11.0 11.0
11.0 11.0 11.0 11.0 11.0 11.0
11.0 11.0 11.0 11.0 11.0 11.0
11.0 11.0 11.0 11.0 11.0 11.0
11.0 11.0 11.0 11.0 11.0 11.0
11.0 11.0 11.0 11.0 11.0 11.0
11.0 11.0 11.0 11.0 11.0 11.0
11.0 11.0 11.0 11.0 11.0 11.0
11.0 11.0 11.0 11.0 11.0 11.0
11.0 11.0 11.0 11.0 11.0 11.0
11.0 11.0 11.0 11.0 11.0 11.0
11.0 11.0 11.0 11.0 11.0 11.0
11.0 11.0 11.0 11.0 11.0 11.0
11.0 11.0 11.0 11.0 11.0 11.0
11.0 11.0 11.0 11.0 11.0 11.0
11.0 11.0 11.0 11.0 11.0 11.0
11.0 11.0 11.0 11.0 11.0 11.0
11.0 11.0 11.0 11.0 11.0 11.0
11.0 11.0 11.0 11.0 11.0 11.0
11.0 11.0 11.0 11.0 11.0 11.0
11.0 11.0 11.0 11.0 11.0 11.0
11.0 11.0 11.0 11.0 11.0 11.0
11.0 11.0 11.0 11.0 11.0 11.0
11.0 11.0 11.0 11.0 11.0 11.0
11.0 11.0 11.0 11.0 11.0 11.0
11.0 11.0 11.0 11.0 11.0 11.0
11.0 11.0 11.0 11.0 11.0 11.0
11.0 11.0 11.0 11.0 11.0 11.0
11.0 11.0 11.0 11.0 11.0 11.0
11.0 11.0 11.0 11.0 11.0 11.0
11.0 11.0 11.0 11.0 11.0 11.0
11.0 11.0 11.0 11.0 11.0 11.0
11.0 11.0 11.0 11.0 11.0 11.0
11.0 11.0 11.0 11.0 11.0 11.0
11.0 11.0 11.0 11.0 11.0 11.0
11.0 11.0 11.0 11.0 11.0 11.0
11.0 11.0 11.0 11.0 11.0 11.0
11.0 11.0 11.0 11.0 11.0 11.0
11.0 11.0 11.0 11.0 11.0 11.0
11.0 11.0 11.0 11.0 11.0 11.0
11.0 11.0 11.0 11.0 11.0 11.0
11.0 11.0 11.0 11.0 11.0 11.0
11.0 11.0 11.0 11.0 11.0 11.0
11.0 11.0 11.0 11.0 11.0 11.0
11.0 11.0 11.0 11.0 11.0 11.0
11.0 11.0 11.0 11.0 11.0 11.0
11.0 11.0 11.0 11.0 11.0 11.0
11.0 11.0 11.0 11.0 11.0 11.0
11.0 11.0 11.0 11.0 11.0 11.0
11.0 11.0 11.0 11.0 11.0 11.0
11.0 11.0 11.0 11.0 11.0 11.0
11.0 11.0 11.0 11.0 11.0 11.0
11.0 11.0 11.0 11.0 11.0 11.0
11.0 11.0 11.0 11.0 11.0 11.0
11.0 11.0 11.0 11.0 11.0 11.0
11.0 11.0 11.0 11.0 11.0 11.0
11.0 11.0 11.0 11.0 11.0 11.0
11.0 11.0 11.0 11.0 11.0 11.0
11.0 11.0 11.0 11.0 11.0 11.0
11.0 11.0 11.0 11.0 11.0 11.0
11.0 11.0 11.0 11.0 11.0 11.0
11.0 11.0 11.0 11.0 11.0 11.0
11.0 11.0 11.0 11.0 11.0 11.0
11.0 11.0 11.0 11.0 11.0 11.0
11.0 11.0 11.0 11.0 11.0 11.0
11.0 11.0 11.0 11.0 11.0 11.0
11.0 11.0 11.0 11.0 11.0 11.0
11.0 11.0 11.0 11.0 11.0 11.0
11.0 11.0 11.0 11.0 11.0 11.0
11.0 11.0 11.0 11.0 11.0 11.0
11.0 11.0 11.0 11.0 11.0 11.0
