nbNodes
52
nbVehi
10
nbServi
6
r
1 1 1 1 1 1
0 1 0 0 0 0
1 0 0 0 0 0
0 0 1 0 0 0
1 0 0 0 0 0
0 1 0 0 0 0
0 0 0 0 0 1
0 0 0 0 0 1
0 0 0 0 1 0
0 0 0 0 1 0
0 0 0 0 0 1
0 0 0 0 1 0
0 0 1 0 0 0
1 0 0 0 0 0
0 0 0 1 0 0
0 1 0 0 0 0
1 0 0 0 0 0
0 0 0 0 0 1
1 0 0 0 0 0
0 1 0 0 0 0
0 0 1 0 0 0
0 0 0 1 0 0
0 0 1 0 0 0
0 1 0 0 0 0
0 1 0 0 0 0
0 0 1 0 0 0
1 0 0 0 0 0
0 0 0 0 1 0
0 0 0 0 0 1
0 0 0 1 0 0
0 0 1 0 0 0
0 0 1 0 0 0
0 0 0 0 1 0
1 0 0 0 0 0
0 0 0 0 0 1
0 0 0 0 0 1
0 0 0 1 0 1
0 0 0 1 0 1
0 0 0 0 1 1
0 0 0 1 0 1
0 0 0 1 1 0
0 0 0 1 1 0
0 0 0 1 0 1
0 1 0 0 1 0
0 0 1 0 1 0
0 1 0 1 0 0
0 0 1 1 0 0
1 0 0 0 0 1
0 0 1 1 0 0
1 0 0 0 0 1
1 0 0 0 0 1
1 1 1 1 1 1
DS
51 50 49 48 47 46 45 44 43 42 41 40 39 38 37
a
1  0  0  0  0  0
0  1  0  0  0  0
1  1  1  0  0  0
0  0  0  1  1  1
0  0  0  1  1  0
0  0  0  1  1  0
0  0  0  1  1  1
0  0  0  1  1  1
0  0  0  1  1  1
0  0  0  1  1  0
x
11 66 41 77 90 8 12 29 53 51 9 97 96 92 31 64 16 73 54 61 70 51 5 66 88 32 35 66 59 65 13 15 35 64 21 33 26 18 86 16 56 14 17 17 16 12 81 89 96 14 0 11
y
11 49 18 49 19 29 36 36 18 29 5 37 4 44 17 26 18 0 10 37 43 21 47 38 47 39 11 34 24 37 26 38 2 16 48 0 3 19 38 13 11 46 2 0 49 5 45 20 46 38 0 11
d
0.0 66.85058 30.805843 76.15773 79.40403 18.248287 25.019993 30.805843 42.579338 43.863426 6.3245554 89.84431 85.28775 87.46428 20.880613 55.081757 8.602325 62.968246 43.011627 56.35601 67.11929 41.231056 36.496574 61.269894 85.0 35.0 24.0 59.615433 49.729267 59.933296 15.132746 27.294687 25.632011 53.235325 38.327538 24.596748 17.0 10.630146 79.71198 5.3851647 45.0 35.128338 10.816654 12.529964 38.327538 6.0827627 77.820305 78.51752 91.92388 27.166155 15.556349 0.0
66.85058 0.0 39.824615 11.0 38.418747 61.351448 55.542778 39.217342 33.61547 25.0 72.00694 33.24154 54.08327 26.476404 47.423622 23.086792 58.830265 49.497475 40.804413 13.0 7.2111025 31.764761 61.03278 11.0 22.090721 35.44009 49.0408 15.0 25.96151 12.0415945 57.77543 52.17279 56.302753 33.06055 45.01111 59.07622 60.959003 56.603886 22.825424 61.611687 39.293766 52.086468 67.89698 69.29646 50.0 69.656296 15.524175 37.01351 30.149628 53.15073 82.20097 66.85058
30.805843 39.824615 0.0 47.507893 49.010204 34.785053 34.132095 21.633308 12.0 14.866069 34.539833 59.135437 56.753853 57.245087 10.049875 24.351591 25.0 36.71512 15.264338 27.58623 38.28838 10.440307 46.227695 32.01562 55.226807 22.847319 9.219544 29.681644 18.973665 30.610456 29.12044 32.80244 17.088007 23.086792 36.05551 19.697716 21.213203 23.021729 49.24429 25.495098 16.552946 38.8973 28.84441 30.0 39.824615 31.780497 48.259712 48.04165 61.7171 33.600594 44.777225 30.805843
76.15773 11.0 47.507893 0.0 32.695564 71.8401 66.287254 49.729267 39.20459 32.80244 80.99383 23.323807 48.8467 15.811388 56.0357 26.41969 68.42514 49.162994 45.276924 20.0 9.219544 38.209946 72.02777 15.556349 11.18034 46.09772 56.63921 18.601076 30.805843 16.970562 68.007355 62.968246 63.03174 35.468296 56.008926 65.8559 68.68042 66.189125 14.21267 70.83079 43.416588 63.07139 76.2168 77.46612 61.0 78.492035 5.656854 31.38471 19.235384 63.953106 91.26884 76.15773
79.40403 38.418747 49.010204 32.695564 0.0 82.607506 79.83107 63.324562 37.01351 40.261642 82.20097 19.313208 16.155495 25.079872 59.03389 26.925823 74.00676 25.495098 37.107952 34.132095 31.241 39.051247 89.49302 30.610456 28.071337 61.351448 55.578773 28.301943 31.400637 30.805843 77.31753 77.36925 57.567352 26.172504 74.84651 60.083275 65.96969 72.0 19.416489 74.24284 34.928497 80.65358 74.953316 75.43209 79.84986 79.24645 27.513634 1.4142135 27.658634 78.339005 91.983696 79.40403
18.248287 61.351448 34.785053 71.8401 82.607506 0.0 8.062258 22.135944 46.32494 43.0 24.020824 89.358826 91.48224 85.32877 25.942244 56.0803 13.601471 71.17584 49.76947 53.600372 63.560993 43.737854 18.248287 58.694122 82.0 26.0 32.449963 58.21512 51.24451 57.558666 5.8309517 11.401754 38.183765 57.48913 23.021729 38.28838 31.622776 14.142136 78.51752 17.888544 51.264023 18.027756 28.460499 30.364452 21.540659 24.33105 74.73286 81.49847 89.62701 10.816654 30.083218 18.248287
25.019993 55.542778 34.132095 66.287254 79.83107 8.062258 0.0 17.0 44.777225 39.623226 31.144823 85.00588 89.88882 80.399 26.870058 52.95281 18.439089 70.83079 49.396355 49.010204 58.420887 41.785164 13.038404 54.037025 76.79192 20.22375 33.970577 54.037025 48.507732 53.009434 10.049875 3.6055512 41.04875 55.713554 15.0 41.677334 35.846897 18.027756 74.02702 23.345236 50.606323 10.198039 34.36568 36.345562 13.601471 31.0 69.58448 78.64477 84.59315 2.828427 37.94733 25.019993
30.805843 39.217342 21.633308 49.729267 63.324562 22.135944 17.0 0.0 30.0 23.086792 36.891735 68.007355 74.24958 63.505905 19.104973 36.40055 22.203604 56.85068 36.069378 32.01562 41.59327 26.627054 26.400757 37.054016 60.016663 4.2426405 25.70992 37.054016 32.31099 36.013885 18.867962 14.142136 34.525352 40.311287 14.422205 36.221542 33.13608 20.248457 57.035076 26.41969 36.796738 18.027756 36.05551 37.94733 18.384777 35.35534 52.773098 62.0967 67.74216 15.132746 46.227695 30.805843
42.579338 33.61547 12.0 39.20459 37.01351 46.32494 44.777225 30.0 0.0 11.18034 45.88028 47.92703 45.221676 46.872166 22.022715 13.601471 37.0 26.907248 8.062258 20.615528 30.232433 3.6055512 56.0803 23.853722 45.453274 29.698484 19.313208 20.615528 8.485281 22.472204 40.792156 42.941822 24.083189 11.18034 43.863426 26.907248 30.88689 35.014282 38.587563 37.336308 7.615773 48.010414 39.39543 40.24922 48.270073 43.011627 38.8973 36.05551 51.312767 43.829212 55.97321 42.579338
43.863426 25.0 14.866069 32.80244 40.261642 43.0 39.623226 23.086792 11.18034 0.0 48.373547 46.69047 51.47815 43.65776 23.323807 13.341664 36.687874 36.40055 19.235384 12.806249 23.600847 8.0 49.396355 17.492855 41.14608 21.470911 24.083189 15.811388 9.433981 16.124516 38.118237 37.107952 31.38471 18.384777 35.510563 34.132095 36.069378 34.48188 36.138622 38.483765 18.681541 40.718548 43.416588 44.687805 40.311287 45.79301 34.0 39.051247 48.104053 38.078865 58.66856 43.863426
6.3245554 72.00694 34.539833 80.99383 82.20097 24.020824 31.144823 36.891735 45.88028 48.373547 0.0 93.637596 87.005745 91.706055 25.059929 58.872746 14.764823 64.195015 45.276924 61.05735 71.867935 44.94441 42.190044 65.863495 89.470665 41.04875 26.683329 63.953106 53.488316 64.49806 21.377558 33.54102 26.172504 56.089214 44.64303 24.5153 17.117243 16.643316 83.773506 10.630146 47.38143 41.303753 8.5440035 9.433981 44.553337 3.0 82.36504 81.394104 96.17692 33.37664 10.29563 6.3245554
89.84431 33.24154 59.135437 23.323807 19.313208 89.358826 85.00588 68.007355 47.92703 46.69047 93.637596 0.0 33.01515 8.602325 68.96376 34.785053 83.198555 44.102154 50.77401 36.0 27.658634 48.703182 92.541885 31.016125 13.453624 65.03076 67.23094 31.144823 40.16217 32.0 84.71718 82.006096 71.19691 39.115215 76.79192 73.92564 78.72102 81.02469 11.045361 84.48077 48.548943 83.48653 87.32124 88.14193 81.88406 90.824005 17.888544 18.788294 9.055386 83.00603 103.81715 89.84431
85.28775 54.08327 56.753853 48.8467 16.155495 91.48224 89.88882 74.24958 45.221676 51.47815 87.005745 33.01515 0.0 40.1995 66.287254 38.832977 81.21576 23.345236 42.426407 48.104053 46.872166 48.104053 100.6479 45.343136 43.737854 72.94518 61.400326 42.426407 42.059483 45.276924 85.86617 87.84646 61.03278 34.176014 86.95401 63.126858 70.00714 79.429214 35.44009 80.50466 40.60788 92.13034 79.025314 79.101204 91.787796 84.00595 43.65776 17.464249 42.0 88.76936 96.0833 85.28775
87.46428 26.476404 57.245087 15.811388 25.079872 85.32877 80.399 63.505905 46.872166 43.65776 91.706055 8.602325 40.1995 0.0 66.70832 33.286633 80.32434 47.92703 50.990196 31.780497 22.022715 47.010635 87.05171 26.683329 5.0 60.207973 65.863495 27.856777 38.587563 27.89265 81.02469 77.23341 70.80254 39.59798 71.11259 73.60027 77.698135 78.1089 8.485281 82.07923 48.83646 78.025635 85.95929 86.95401 76.1643 89.0 11.045361 24.186773 4.472136 78.23043 101.98039 87.46428
20.880613 47.423622 10.049875 56.0357 59.03389 25.942244 26.870058 19.104973 22.022715 23.323807 25.059929 68.96376 66.287254 66.70832 0.0 34.20526 15.033297 45.310043 24.04163 36.05551 46.872166 20.396078 39.698868 40.81666 64.412735 22.022715 7.2111025 38.910152 28.86174 39.446167 20.12461 26.400757 15.524175 33.01515 32.572994 17.117243 14.866069 13.152946 58.872746 15.524175 25.70992 33.61547 20.518284 22.022715 35.341194 22.472204 57.306194 58.077534 71.17584 27.018513 35.35534 20.880613
55.081757 23.086792 24.351591 26.41969 26.925823 56.0803 52.95281 36.40055 13.601471 13.341664 58.872746 34.785053 38.832977 33.286633 34.20526 0.0 48.6621 27.513634 18.867962 11.401754 18.027756 13.928389 62.625874 12.165525 31.890438 34.539833 32.649654 8.246211 5.3851647 11.045361 51.0 50.447994 37.64306 10.0 48.30114 40.459858 44.418465 46.52956 25.059929 49.729267 17.0 53.851646 52.773098 53.712196 53.225933 56.0803 25.495098 25.70992 37.735924 51.41984 69.079666 55.081757
8.602325 58.830265 25.0 68.42514 74.00676 13.601471 18.439089 22.203604 37.0 36.687874 14.764823 83.198555 81.21576 80.32434 15.033297 48.6621 0.0 59.77458 38.832977 48.8467 59.5063 35.128338 31.016125 53.851646 77.62087 26.400757 20.248457 52.49762 43.416588 52.554733 8.5440035 20.024984 24.839485 48.04165 30.413813 24.758837 18.027756 2.236068 72.8011 5.0 40.60788 28.071337 16.03122 18.027756 31.0 13.601471 70.38466 73.02739 84.758484 20.09975 24.083189 8.602325
62.968246 49.497475 36.71512 49.162994 25.495098 71.17584 70.83079 56.85068 26.907248 36.40055 64.195015 44.102154 23.345236 47.92703 45.310043 27.513634 59.77458 0.0 21.470911 38.8973 43.104523 30.413813 82.661964 38.63936 49.335587 56.586216 39.56008 34.713108 27.784887 37.85499 65.39113 69.339745 38.052597 18.35756 70.76723 40.0 47.095646 58.189346 40.16217 58.463665 20.248457 74.8131 56.0357 56.0 75.16648 61.204575 45.705578 25.612497 51.42956 70.178345 73.0 62.968246
43.011627 40.804413 15.264338 45.276924 37.107952 49.76947 49.396355 36.069378 8.062258 19.235384 45.276924 50.77401 42.426407 50.990196 24.04163 18.867962 38.832977 21.470911 0.0 27.89265 36.67424 11.401754 61.400326 30.463093 50.24938 36.40055 19.026299 26.832815 14.866069 29.15476 44.011364 48.010414 20.615528 11.661903 50.32892 23.259407 28.86174 37.107952 42.520584 38.118237 2.236068 53.814495 37.85499 38.327538 54.451813 42.296574 44.20407 36.40055 55.31727 48.82622 54.91812 43.011627
56.35601 13.0 27.58623 20.0 34.132095 53.600372 49.010204 32.01562 20.615528 12.806249 61.05735 36.0 48.104053 31.780497 36.05551 11.401754 48.8467 38.8973 27.89265 0.0 10.816654 18.867962 56.88585 5.0990195 28.79236 29.068884 36.769554 5.8309517 13.152946 4.0 49.24429 46.010868 43.60046 21.213203 41.484936 46.400433 48.79549 46.615448 25.019993 51.0 26.476404 47.853943 56.22277 57.48913 46.572525 58.5235 21.540659 32.75668 36.138622 47.010635 71.34424 56.35601
67.11929 7.2111025 38.28838 9.219544 31.241 63.560993 58.420887 41.59327 30.232433 23.600847 71.867935 27.658634 46.872166 22.022715 46.872166 18.027756 59.5063 43.104523 36.67424 10.816654 0.0 29.068884 65.12296 6.4031243 18.439089 38.209946 47.423622 9.848858 21.954498 7.81025 59.48109 55.226807 53.90733 27.658634 49.25444 56.727417 59.464275 57.271286 16.763054 61.77378 34.928497 56.0803 67.00746 68.24954 54.33231 69.339745 11.18034 29.832869 26.172504 56.22277 82.1523 67.11929
41.231056 31.764761 10.440307 38.209946 39.051247 43.737854 41.785164 26.627054 3.6055512 8.0 44.94441 48.703182 48.104053 47.010635 20.396078 13.928389 35.128338 30.413813 11.401754 18.867962 29.068884 0.0 52.83938 22.671568 45.221676 26.172504 18.867962 19.849434 8.5440035 21.260292 38.327538 39.812057 24.839485 13.928389 40.36087 27.658634 30.805843 33.06055 38.910152 35.902645 11.18034 44.65423 38.948685 39.962482 44.82187 42.154476 38.418747 38.013157 51.47815 40.718548 55.154327 41.231056
36.496574 61.03278 46.227695 72.02777 89.49302 18.248287 13.038404 26.400757 56.0803 49.396355 42.190044 92.541885 100.6479 87.05171 39.698868 62.625874 31.016125 82.661964 61.400326 56.88585 65.12296 52.83938 0.0 61.66036 83.0 28.160255 46.8615 62.369865 58.694122 60.827625 22.472204 13.453624 54.08327 66.64833 16.03122 54.708317 48.754486 30.870699 81.49847 35.735138 62.425957 9.055386 46.572525 48.507732 11.18034 42.579338 76.02631 88.23265 91.00549 12.727922 47.26521 36.496574
61.269894 11.0 32.01562 15.556349 30.610456 58.694122 54.037025 37.054016 23.853722 17.492855 65.863495 31.016125 45.343136 26.683329 40.81666 12.165525 53.851646 38.63936 30.463093 5.0990195 6.4031243 22.671568 61.66036 0.0 23.769728 34.0147 41.109608 4.0 15.652476 1.4142135 54.34151 51.0 47.507893 22.090721 46.09772 50.32892 53.15073 51.62364 20.0 55.9017 28.79236 52.611786 60.80296 62.008064 51.1957 63.28507 16.552946 29.206163 31.04835 52.0 76.15773 61.269894
85.0 22.090721 55.226807 11.18034 28.071337 82.0 76.79192 60.016663 45.453274 41.14608 89.470665 13.453624 43.737854 5.0 64.412735 31.890438 77.62087 49.335587 50.24938 28.79236 18.439089 45.221676 83.0 23.769728 0.0 56.568542 64.070274 25.553865 37.01351 25.079872 77.88453 73.552704 69.52697 39.20459 67.00746 72.34639 76.02631 75.39231 9.219544 79.624115 48.166378 74.00676 84.0595 85.146935 72.02777 86.833176 7.28011 27.018513 8.062258 74.54529 99.764725 85.0
35.0 35.44009 22.847319 46.09772 61.351448 26.0 20.22375 4.2426405 29.698484 21.470911 41.04875 65.03076 72.94518 60.207973 22.022715 34.539833 26.400757 56.586216 36.40055 29.068884 38.209946 26.172504 28.160255 34.0147 56.568542 0.0 28.160255 34.36568 30.88689 33.06055 23.021729 17.029387 37.12142 39.40812 14.21267 39.012817 36.496574 24.41311 54.00926 30.528675 36.878178 19.313208 39.92493 41.785164 18.867962 39.446167 49.365982 60.083275 64.381676 18.027756 50.447994 35.0
24.0 49.0408 9.219544 56.63921 55.578773 32.449963 33.970577 25.70992 19.313208 24.083189 26.683329 67.23094 61.400326 65.863495 7.2111025 32.649654 20.248457 39.56008 19.026299 36.769554 47.423622 18.867962 46.8615 41.109608 64.070274 28.160255 0.0 38.600517 27.294687 39.698868 26.627054 33.600594 9.0 29.427877 39.56008 11.18034 12.0415945 18.788294 57.706154 19.104973 21.0 40.81666 20.12461 21.095022 42.48529 23.769728 57.201397 54.74486 70.327805 34.20526 36.687874 24.0
59.615433 15.0 29.681644 18.601076 28.301943 58.21512 54.037025 37.054016 20.615528 15.811388 63.953106 31.144823 42.426407 27.856777 38.910152 8.246211 52.49762 34.713108 26.832815 5.8309517 9.848858 19.849434 62.369865 4.0 25.553865 34.36568 38.600517 0.0 12.206555 3.1622777 53.600372 51.156624 44.553337 18.110771 47.127487 47.38143 50.606323 50.289165 20.396078 54.230988 25.079872 53.366657 58.5235 59.64059 52.201534 61.294373 18.601076 26.925823 32.31099 52.153618 74.24284 59.615433
49.729267 25.96151 18.973665 30.805843 31.400637 51.24451 48.507732 32.31099 8.485281 9.433981 53.488316 40.16217 42.059483 38.587563 28.86174 5.3851647 43.416588 27.784887 14.866069 13.152946 21.954498 8.5440035 58.694122 15.652476 37.01351 30.88689 27.294687 12.206555 0.0 14.3178215 46.043457 46.173584 32.55764 9.433981 44.94441 35.383614 39.115215 41.303753 30.413813 44.38468 13.341664 50.08992 47.41308 48.373547 49.73932 50.695168 30.413813 30.265491 43.046486 47.127487 63.694584 49.729267
59.933296 12.0415945 30.610456 16.970562 30.805843 57.558666 53.009434 36.013885 22.472204 16.124516 64.49806 32.0 45.276924 27.89265 39.446167 11.045361 52.554733 37.85499 29.15476 4.0 7.81025 21.260292 60.827625 1.4142135 25.079872 33.06055 39.698868 3.1622777 14.3178215 0.0 53.15073 50.01 46.09772 21.023796 45.35416 48.9183 51.739735 50.32892 21.023796 54.56189 27.513634 51.78803 59.405388 60.60528 50.447994 61.91123 17.888544 29.410883 32.280025 51.009804 74.793045 59.933296
15.132746 57.77543 29.12044 68.007355 77.31753 5.8309517 10.049875 18.867962 40.792156 38.118237 21.377558 84.71718 85.86617 81.02469 20.12461 51.0 8.5440035 65.39113 44.011364 49.24429 59.48109 38.327538 22.472204 54.34151 77.88453 23.021729 26.627054 53.600372 46.043457 53.15073 0.0 12.165525 32.55764 51.971146 23.409399 32.80244 26.41969 8.602325 73.97973 13.341664 45.54119 20.024984 24.33105 26.305893 23.194826 21.023796 70.60453 76.23647 85.37564 12.0415945 29.068884 15.132746
27.294687 52.17279 32.80244 62.968246 77.36925 11.401754 3.6055512 14.142136 42.941822 37.107952 33.54102 82.006096 87.84646 77.23341 26.400757 50.447994 20.024984 69.339745 48.010414 46.010868 55.226807 39.812057 13.453624 51.0 73.552704 17.029387 33.600594 51.156624 46.173584 50.01 12.165525 0.0 41.18252 53.712196 11.661903 42.047592 36.687874 19.235384 71.0 25.019993 49.09175 8.062258 36.05551 38.052597 11.045361 33.13608 66.37017 76.15773 81.394104 1.0 40.853397 27.294687
25.632011 56.302753 17.088007 63.03174 57.567352 38.183765 41.04875 34.525352 24.083189 31.38471 26.172504 71.19691 61.03278 70.80254 15.524175 37.64306 24.839485 38.052597 20.615528 43.60046 53.90733 24.839485 54.08327 47.507893 69.52697 37.12142 9.0 44.553337 32.55764 46.09772 32.55764 41.18252 0.0 32.202484 48.08326 2.828427 9.055386 24.04163 62.425957 21.954498 22.847319 48.754486 18.0 18.110771 50.695168 23.194826 62.968246 56.920998 75.21303 41.677334 35.057095 25.632011
53.235325 33.06055 23.086792 35.468296 26.172504 57.48913 55.713554 40.311287 11.18034 18.384777 56.089214 39.115215 34.176014 39.59798 33.01515 10.0 48.04165 18.35756 11.661903 21.213203 27.658634 13.928389 66.64833 22.090721 39.20459 39.40812 29.427877 18.110771 9.433981 21.023796 51.971146 53.712196 32.202484 0.0 53.600372 34.88553 40.16217 46.09772 31.112698 48.09366 9.433981 58.30952 49.0408 49.648766 58.249462 53.15073 33.61547 25.317978 43.863426 54.626 65.96969 53.235325
38.327538 45.01111 36.05551 56.008926 74.84651 23.021729 15.0 14.422205 43.863426 35.510563 44.64303 76.79192 86.95401 71.11259 32.572994 48.30114 30.413813 70.76723 50.32892 41.484936 49.25444 40.36087 16.03122 46.09772 67.00746 14.21267 39.56008 47.127487 44.94441 45.35416 23.409399 11.661903 48.08326 53.600372 0.0 49.47727 45.276924 29.15476 65.76473 35.35534 50.931328 7.28011 46.173584 48.166378 5.0990195 43.931767 60.074955 73.53911 75.026665 12.206555 52.392746 38.327538
24.596748 59.07622 19.697716 65.8559 60.083275 38.28838 41.677334 36.221542 26.907248 34.132095 24.5153 73.92564 63.126858 73.60027 17.117243 40.459858 24.758837 40.0 23.259407 46.400433 56.727417 27.658634 54.708317 50.32892 72.34639 39.012817 11.18034 47.38143 35.383614 48.9183 32.80244 42.047592 2.828427 34.88553 49.47727 0.0 7.615773 24.207438 65.21503 21.400934 25.495098 49.76947 16.124516 16.0 51.86521 21.587032 65.795135 59.464275 78.00641 42.48529 33.0 24.596748
17.0 60.959003 21.213203 68.68042 65.96969 31.622776 35.846897 33.13608 30.88689 36.069378 17.117243 78.72102 70.00714 77.698135 14.866069 44.418465 18.027756 47.095646 28.86174 48.79549 59.464275 30.805843 48.754486 53.15073 76.02631 36.496574 12.0415945 50.606323 39.115215 51.739735 26.41969 36.687874 9.055386 40.16217 45.276924 7.615773 0.0 17.888544 69.46222 14.142136 31.04835 44.64303 9.055386 9.486833 47.07441 14.142136 69.2026 65.25335 82.1523 37.0 26.172504 17.0
10.630146 56.603886 23.021729 66.189125 72.0 14.142136 18.027756 20.248457 35.014282 34.48188 16.643316 81.02469 79.429214 78.1089 13.152946 46.52956 2.236068 58.189346 37.107952 46.615448 57.271286 33.06055 30.870699 51.62364 75.39231 24.41311 18.788294 50.289165 41.303753 50.32892 8.602325 19.235384 24.04163 46.09772 29.15476 24.207438 17.888544 0.0 70.60453 6.3245554 38.832977 27.294687 17.029387 19.026299 30.066593 15.231546 68.154236 71.00704 82.5409 19.416489 26.172504 10.630146
79.71198 22.825424 49.24429 14.21267 19.416489 78.51752 74.02702 57.035076 38.587563 36.138622 83.773506 11.045361 35.44009 8.485281 58.872746 25.059929 72.8011 40.16217 42.520584 25.019993 16.763054 38.910152 81.49847 20.0 9.219544 54.00926 57.706154 20.396078 30.413813 21.023796 73.97973 71.0 62.425957 31.112698 65.76473 65.21503 69.46222 70.60453 0.0 74.330345 40.36087 72.443085 77.82673 78.77182 70.85902 81.02469 8.602325 18.248287 12.806249 72.0 94.02127 79.71198
5.3851647 61.611687 25.495098 70.83079 74.24284 17.888544 23.345236 26.41969 37.336308 38.483765 10.630146 84.48077 80.50466 82.07923 15.524175 49.729267 5.0 58.463665 38.118237 51.0 61.77378 35.902645 35.735138 55.9017 79.624115 30.528675 19.104973 54.230988 44.38468 54.56189 13.341664 25.019993 21.954498 48.09366 35.35534 21.400934 14.142136 6.3245554 74.330345 0.0 40.04997 33.06055 11.045361 13.038404 36.0 8.944272 72.44998 73.33485 86.53901 25.079872 20.615528 5.3851647
45.0 39.293766 16.552946 43.416588 34.928497 51.264023 50.606323 36.796738 7.615773 18.681541 47.38143 48.548943 40.60788 48.83646 25.70992 17.0 40.60788 20.248457 2.236068 26.476404 34.928497 11.18034 62.425957 28.79236 48.166378 36.878178 21.0 25.079872 13.341664 27.513634 45.54119 49.09175 22.847319 9.433981 50.931328 25.495098 31.04835 38.832977 40.36087 40.04997 0.0 54.67175 40.024994 40.5216 55.17246 44.407207 42.201897 34.20526 53.15073 49.92995 57.070133 45.0
35.128338 52.086468 38.8973 63.07139 80.65358 18.027756 10.198039 18.027756 48.010414 40.718548 41.303753 83.48653 92.13034 78.025635 33.61547 53.851646 28.071337 74.8131 53.814495 47.853943 56.0803 44.65423 9.055386 52.611786 74.00676 19.313208 40.81666 53.366657 50.08992 51.78803 20.024984 8.062258 48.754486 58.30952 7.28011 49.76947 44.64303 27.294687 72.443085 33.06055 54.67175 0.0 44.102154 46.09772 3.6055512 41.04875 67.00746 79.37884 82.0 8.0 48.08326 35.128338
10.816654 67.89698 28.84441 76.2168 74.953316 28.460499 34.36568 36.05551 39.39543 43.416588 8.5440035 87.32124 79.025314 85.95929 20.518284 52.773098 16.03122 56.0357 37.85499 56.22277 67.00746 38.948685 46.572525 60.80296 84.0595 39.92493 20.12461 58.5235 47.41308 59.405388 24.33105 36.05551 18.0 49.0408 46.173584 16.124516 9.055386 17.029387 77.82673 11.045361 40.024994 44.102154 0.0 2.0 47.010635 5.8309517 77.10383 74.215904 90.426765 36.124783 17.117243 10.816654
12.529964 69.29646 30.0 77.46612 75.43209 30.364452 36.345562 37.94733 40.24922 44.687805 9.433981 88.14193 79.101204 86.95401 22.022715 53.712196 18.027756 56.0 38.327538 57.48913 68.24954 39.962482 48.507732 62.008064 85.146935 41.785164 21.095022 59.64059 48.373547 60.60528 26.305893 38.052597 18.110771 49.648766 48.166378 16.0 9.486833 19.026299 78.77182 13.038404 40.5216 46.09772 2.0 0.0 49.010204 7.071068 78.23682 74.726166 91.416626 38.118237 17.0 12.529964
38.327538 50.0 39.824615 61.0 79.84986 21.540659 13.601471 18.384777 48.270073 40.311287 44.553337 81.88406 91.787796 76.1643 35.341194 53.225933 31.0 75.16648 54.451813 46.572525 54.33231 44.82187 11.18034 51.1957 72.02777 18.867962 42.48529 52.201534 49.73932 50.447994 23.194826 11.045361 50.695168 58.249462 5.0990195 51.86521 47.07441 30.066593 70.85902 36.0 55.17246 3.6055512 47.010635 49.010204 0.0 44.181442 65.12296 78.54935 80.05623 11.18034 51.546097 38.327538
6.0827627 69.656296 31.780497 78.492035 79.24645 24.33105 31.0 35.35534 43.011627 45.79301 3.0 90.824005 84.00595 89.0 22.472204 56.0803 13.601471 61.204575 42.296574 58.5235 69.339745 42.154476 42.579338 63.28507 86.833176 39.446167 23.769728 61.294373 50.695168 61.91123 21.023796 33.13608 23.194826 53.15073 43.931767 21.587032 14.142136 15.231546 81.02469 8.944272 44.407207 41.04875 5.8309517 7.071068 44.181442 0.0 79.755875 78.44743 93.471924 33.06055 13.0 6.0827627
77.820305 15.524175 48.259712 5.656854 27.513634 74.73286 69.58448 52.773098 38.8973 34.0 82.36504 17.888544 43.65776 11.045361 57.306194 25.495098 70.38466 45.705578 44.20407 21.540659 11.18034 38.418747 76.02631 16.552946 7.28011 49.365982 57.201397 18.601076 30.413813 17.888544 70.60453 66.37017 62.968246 33.61547 60.074955 65.795135 69.2026 68.154236 8.602325 72.44998 42.201897 67.00746 77.10383 78.23682 65.12296 79.755875 0.0 26.24881 15.033297 67.36468 92.660675 77.820305
78.51752 37.01351 48.04165 31.38471 1.4142135 81.49847 78.64477 62.0967 36.05551 39.051247 81.394104 18.788294 17.464249 24.186773 58.077534 25.70992 73.02739 25.612497 36.40055 32.75668 29.832869 38.013157 88.23265 29.206163 27.018513 60.083275 54.74486 26.925823 30.265491 29.410883 76.23647 76.15773 56.920998 25.317978 73.53911 59.464275 65.25335 71.00704 18.248287 73.33485 34.20526 79.37884 74.215904 74.726166 78.54935 78.44743 26.24881 0.0 26.925823 77.12976 91.21951 78.51752
91.92388 30.149628 61.7171 19.235384 27.658634 89.62701 84.59315 67.74216 51.312767 48.104053 96.17692 9.055386 42.0 4.472136 71.17584 37.735924 84.758484 51.42956 55.31727 36.138622 26.172504 51.47815 91.00549 31.04835 8.062258 64.381676 70.327805 32.31099 43.046486 32.280025 85.37564 81.394104 75.21303 43.863426 75.026665 78.00641 82.1523 82.5409 12.806249 86.53901 53.15073 82.0 90.426765 91.416626 80.05623 93.471924 15.033297 26.925823 0.0 82.38932 106.451866 91.92388
27.166155 53.15073 33.600594 63.953106 78.339005 10.816654 2.828427 15.132746 43.829212 38.078865 33.37664 83.00603 88.76936 78.23043 27.018513 51.41984 20.09975 70.178345 48.82622 47.010635 56.22277 40.718548 12.727922 52.0 74.54529 18.027756 34.20526 52.153618 47.127487 51.009804 12.0415945 1.0 41.677334 54.626 12.206555 42.48529 37.0 19.416489 72.0 25.079872 49.92995 8.0 36.124783 38.118237 11.18034 33.06055 67.36468 77.12976 82.38932 0.0 40.496914 27.166155
15.556349 82.20097 44.777225 91.26884 91.983696 30.083218 37.94733 46.227695 55.97321 58.66856 10.29563 103.81715 96.0833 101.98039 35.35534 69.079666 24.083189 73.0 54.91812 71.34424 82.1523 55.154327 47.26521 76.15773 99.764725 50.447994 36.687874 74.24284 63.694584 74.793045 29.068884 40.853397 35.057095 65.96969 52.392746 33.0 26.172504 26.172504 94.02127 20.615528 57.070133 48.08326 17.117243 17.0 51.546097 13.0 92.660675 91.21951 106.451866 40.496914 0.0 15.556349
0.0 66.85058 30.805843 76.15773 79.40403 18.248287 25.019993 30.805843 42.579338 43.863426 6.3245554 89.84431 85.28775 87.46428 20.880613 55.081757 8.602325 62.968246 43.011627 56.35601 67.11929 41.231056 36.496574 61.269894 85.0 35.0 24.0 59.615433 49.729267 59.933296 15.132746 27.294687 25.632011 53.235325 38.327538 24.596748 17.0 10.630146 79.71198 5.3851647 45.0 35.128338 10.816654 12.529964 38.327538 6.0827627 77.820305 78.51752 91.92388 27.166155 15.556349 0.0
p
0 0 0 0 0 0
0 0 0 0 0 0
0 0 0 0 0 0
0 0 0 0 0 0
0 0 0 0 0 0
0 0 0 0 0 0
0 0 0 0 0 0
0 0 0 0 0 0
0 0 0 0 0 0
0 0 0 0 0 0
19.0 19.0 19.0 19.0 19.0 19.0
19.0 19.0 19.0 19.0 19.0 19.0
19.0 19.0 19.0 19.0 19.0 19.0
19.0 19.0 19.0 19.0 19.0 19.0
19.0 19.0 19.0 19.0 19.0 19.0
19.0 19.0 19.0 19.0 19.0 19.0
19.0 19.0 19.0 19.0 19.0 19.0
19.0 19.0 19.0 19.0 19.0 19.0
19.0 19.0 19.0 19.0 19.0 19.0
19.0 19.0 19.0 19.0 19.0 19.0
19.0 19.0 19.0 19.0 19.0 19.0
19.0 19.0 19.0 19.0 19.0 19.0
19.0 19.0 19.0 19.0 19.0 19.0
19.0 19.0 19.0 19.0 19.0 19.0
19.0 19.0 19.0 19.0 19.0 19.0
19.0 19.0 19.0 19.0 19.0 19.0
19.0 19.0 19.0 19.0 19.0 19.0
19.0 19.0 19.0 19.0 19.0 19.0
19.0 19.0 19.0 19.0 19.0 19.0
19.0 19.0 19.0 19.0 19.0 19.0
19.0 19.0 19.0 19.0 19.0 19.0
19.0 19.0 19.0 19.0 19.0 19.0
19.0 19.0 19.0 19.0 19.0 19.0
19.0 19.0 19.0 19.0 19.0 19.0
19.0 19.0 19.0 19.0 19.0 19.0
19.0 19.0 19.0 19.0 19.0 19.0
19.0 19.0 19.0 19.0 19.0 19.0
19.0 19.0 19.0 19.0 19.0 19.0
19.0 19.0 19.0 19.0 19.0 19.0
19.0 19.0 19.0 19.0 19.0 19.0
19.0 19.0 19.0 19.0 19.0 19.0
19.0 19.0 19.0 19.0 19.0 19.0
19.0 19.0 19.0 19.0 19.0 19.0
19.0 19.0 19.0 19.0 19.0 19.0
19.0 19.0 19.0 19.0 19.0 19.0
19.0 19.0 19.0 19.0 19.0 19.0
19.0 19.0 19.0 19.0 19.0 19.0
19.0 19.0 19.0 19.0 19.0 19.0
19.0 19.0 19.0 19.0 19.0 19.0
19.0 19.0 19.0 19.0 19.0 19.0
19.0 19.0 19.0 19.0 19.0 19.0
19.0 19.0 19.0 19.0 19.0 19.0
19.0 19.0 19.0 19.0 19.0 19.0
19.0 19.0 19.0 19.0 19.0 19.0
19.0 19.0 19.0 19.0 19.0 19.0
19.0 19.0 19.0 19.0 19.0 19.0
19.0 19.0 19.0 19.0 19.0 19.0
19.0 19.0 19.0 19.0 19.0 19.0
19.0 19.0 19.0 19.0 19.0 19.0
19.0 19.0 19.0 19.0 19.0 19.0
19.0 19.0 19.0 19.0 19.0 19.0
19.0 19.0 19.0 19.0 19.0 19.0
19.0 19.0 19.0 19.0 19.0 19.0
19.0 19.0 19.0 19.0 19.0 19.0
19.0 19.0 19.0 19.0 19.0 19.0
19.0 19.0 19.0 19.0 19.0 19.0
19.0 19.0 19.0 19.0 19.0 19.0
19.0 19.0 19.0 19.0 19.0 19.0
19.0 19.0 19.0 19.0 19.0 19.0
19.0 19.0 19.0 19.0 19.0 19.0
19.0 19.0 19.0 19.0 19.0 19.0
19.0 19.0 19.0 19.0 19.0 19.0
19.0 19.0 19.0 19.0 19.0 19.0
19.0 19.0 19.0 19.0 19.0 19.0
19.0 19.0 19.0 19.0 19.0 19.0
19.0 19.0 19.0 19.0 19.0 19.0
19.0 19.0 19.0 19.0 19.0 19.0
19.0 19.0 19.0 19.0 19.0 19.0
19.0 19.0 19.0 19.0 19.0 19.0
19.0 19.0 19.0 19.0 19.0 19.0
19.0 19.0 19.0 19.0 19.0 19.0
19.0 19.0 19.0 19.0 19.0 19.0
19.0 19.0 19.0 19.0 19.0 19.0
19.0 19.0 19.0 19.0 19.0 19.0
19.0 19.0 19.0 19.0 19.0 19.0
19.0 19.0 19.0 19.0 19.0 19.0
19.0 19.0 19.0 19.0 19.0 19.0
19.0 19.0 19.0 19.0 19.0 19.0
19.0 19.0 19.0 19.0 19.0 19.0
19.0 19.0 19.0 19.0 19.0 19.0
19.0 19.0 19.0 19.0 19.0 19.0
19.0 19.0 19.0 19.0 19.0 19.0
19.0 19.0 19.0 19.0 19.0 19.0
19.0 19.0 19.0 19.0 19.0 19.0
19.0 19.0 19.0 19.0 19.0 19.0
19.0 19.0 19.0 19.0 19.0 19.0
19.0 19.0 19.0 19.0 19.0 19.0
19.0 19.0 19.0 19.0 19.0 19.0
19.0 19.0 19.0 19.0 19.0 19.0
19.0 19.0 19.0 19.0 19.0 19.0
19.0 19.0 19.0 19.0 19.0 19.0
19.0 19.0 19.0 19.0 19.0 19.0
19.0 19.0 19.0 19.0 19.0 19.0
19.0 19.0 19.0 19.0 19.0 19.0
19.0 19.0 19.0 19.0 19.0 19.0
19.0 19.0 19.0 19.0 19.0 19.0
19.0 19.0 19.0 19.0 19.0 19.0
19.0 19.0 19.0 19.0 19.0 19.0
19.0 19.0 19.0 19.0 19.0 19.0
19.0 19.0 19.0 19.0 19.0 19.0
19.0 19.0 19.0 19.0 19.0 19.0
19.0 19.0 19.0 19.0 19.0 19.0
19.0 19.0 19.0 19.0 19.0 19.0
19.0 19.0 19.0 19.0 19.0 19.0
19.0 19.0 19.0 19.0 19.0 19.0
19.0 19.0 19.0 19.0 19.0 19.0
19.0 19.0 19.0 19.0 19.0 19.0
19.0 19.0 19.0 19.0 19.0 19.0
19.0 19.0 19.0 19.0 19.0 19.0
19.0 19.0 19.0 19.0 19.0 19.0
19.0 19.0 19.0 19.0 19.0 19.0
19.0 19.0 19.0 19.0 19.0 19.0
19.0 19.0 19.0 19.0 19.0 19.0
19.0 19.0 19.0 19.0 19.0 19.0
19.0 19.0 19.0 19.0 19.0 19.0
19.0 19.0 19.0 19.0 19.0 19.0
19.0 19.0 19.0 19.0 19.0 19.0
19.0 19.0 19.0 19.0 19.0 19.0
19.0 19.0 19.0 19.0 19.0 19.0
19.0 19.0 19.0 19.0 19.0 19.0
19.0 19.0 19.0 19.0 19.0 19.0
19.0 19.0 19.0 19.0 19.0 19.0
19.0 19.0 19.0 19.0 19.0 19.0
19.0 19.0 19.0 19.0 19.0 19.0
19.0 19.0 19.0 19.0 19.0 19.0
19.0 19.0 19.0 19.0 19.0 19.0
19.0 19.0 19.0 19.0 19.0 19.0
19.0 19.0 19.0 19.0 19.0 19.0
19.0 19.0 19.0 19.0 19.0 19.0
19.0 19.0 19.0 19.0 19.0 19.0
19.0 19.0 19.0 19.0 19.0 19.0
19.0 19.0 19.0 19.0 19.0 19.0
19.0 19.0 19.0 19.0 19.0 19.0
19.0 19.0 19.0 19.0 19.0 19.0
19.0 19.0 19.0 19.0 19.0 19.0
19.0 19.0 19.0 19.0 19.0 19.0
19.0 19.0 19.0 19.0 19.0 19.0
19.0 19.0 19.0 19.0 19.0 19.0
19.0 19.0 19.0 19.0 19.0 19.0
19.0 19.0 19.0 19.0 19.0 19.0
19.0 19.0 19.0 19.0 19.0 19.0
19.0 19.0 19.0 19.0 19.0 19.0
19.0 19.0 19.0 19.0 19.0 19.0
19.0 19.0 19.0 19.0 19.0 19.0
19.0 19.0 19.0 19.0 19.0 19.0
19.0 19.0 19.0 19.0 19.0 19.0
19.0 19.0 19.0 19.0 19.0 19.0
19.0 19.0 19.0 19.0 19.0 19.0
19.0 19.0 19.0 19.0 19.0 19.0
19.0 19.0 19.0 19.0 19.0 19.0
19.0 19.0 19.0 19.0 19.0 19.0
19.0 19.0 19.0 19.0 19.0 19.0
19.0 19.0 19.0 19.0 19.0 19.0
19.0 19.0 19.0 19.0 19.0 19.0
19.0 19.0 19.0 19.0 19.0 19.0
19.0 19.0 19.0 19.0 19.0 19.0
19.0 19.0 19.0 19.0 19.0 19.0
19.0 19.0 19.0 19.0 19.0 19.0
19.0 19.0 19.0 19.0 19.0 19.0
19.0 19.0 19.0 19.0 19.0 19.0
19.0 19.0 19.0 19.0 19.0 19.0
19.0 19.0 19.0 19.0 19.0 19.0
19.0 19.0 19.0 19.0 19.0 19.0
19.0 19.0 19.0 19.0 19.0 19.0
19.0 19.0 19.0 19.0 19.0 19.0
19.0 19.0 19.0 19.0 19.0 19.0
19.0 19.0 19.0 19.0 19.0 19.0
19.0 19.0 19.0 19.0 19.0 19.0
19.0 19.0 19.0 19.0 19.0 19.0
19.0 19.0 19.0 19.0 19.0 19.0
19.0 19.0 19.0 19.0 19.0 19.0
19.0 19.0 19.0 19.0 19.0 19.0
19.0 19.0 19.0 19.0 19.0 19.0
19.0 19.0 19.0 19.0 19.0 19.0
19.0 19.0 19.0 19.0 19.0 19.0
19.0 19.0 19.0 19.0 19.0 19.0
19.0 19.0 19.0 19.0 19.0 19.0
19.0 19.0 19.0 19.0 19.0 19.0
19.0 19.0 19.0 19.0 19.0 19.0
19.0 19.0 19.0 19.0 19.0 19.0
19.0 19.0 19.0 19.0 19.0 19.0
19.0 19.0 19.0 19.0 19.0 19.0
19.0 19.0 19.0 19.0 19.0 19.0
19.0 19.0 19.0 19.0 19.0 19.0
19.0 19.0 19.0 19.0 19.0 19.0
19.0 19.0 19.0 19.0 19.0 19.0
19.0 19.0 19.0 19.0 19.0 19.0
19.0 19.0 19.0 19.0 19.0 19.0
19.0 19.0 19.0 19.0 19.0 19.0
19.0 19.0 19.0 19.0 19.0 19.0
19.0 19.0 19.0 19.0 19.0 19.0
19.0 19.0 19.0 19.0 19.0 19.0
19.0 19.0 19.0 19.0 19.0 19.0
19.0 19.0 19.0 19.0 19.0 19.0
19.0 19.0 19.0 19.0 19.0 19.0
19.0 19.0 19.0 19.0 19.0 19.0
19.0 19.0 19.0 19.0 19.0 19.0
19.0 19.0 19.0 19.0 19.0 19.0
19.0 19.0 19.0 19.0 19.0 19.0
19.0 19.0 19.0 19.0 19.0 19.0
19.0 19.0 19.0 19.0 19.0 19.0
19.0 19.0 19.0 19.0 19.0 19.0
19.0 19.0 19.0 19.0 19.0 19.0
19.0 19.0 19.0 19.0 19.0 19.0
19.0 19.0 19.0 19.0 19.0 19.0
19.0 19.0 19.0 19.0 19.0 19.0
19.0 19.0 19.0 19.0 19.0 19.0
19.0 19.0 19.0 19.0 19.0 19.0
19.0 19.0 19.0 19.0 19.0 19.0
19.0 19.0 19.0 19.0 19.0 19.0
19.0 19.0 19.0 19.0 19.0 19.0
19.0 19.0 19.0 19.0 19.0 19.0
19.0 19.0 19.0 19.0 19.0 19.0
19.0 19.0 19.0 19.0 19.0 19.0
19.0 19.0 19.0 19.0 19.0 19.0
19.0 19.0 19.0 19.0 19.0 19.0
19.0 19.0 19.0 19.0 19.0 19.0
19.0 19.0 19.0 19.0 19.0 19.0
19.0 19.0 19.0 19.0 19.0 19.0
19.0 19.0 19.0 19.0 19.0 19.0
19.0 19.0 19.0 19.0 19.0 19.0
19.0 19.0 19.0 19.0 19.0 19.0
19.0 19.0 19.0 19.0 19.0 19.0
19.0 19.0 19.0 19.0 19.0 19.0
19.0 19.0 19.0 19.0 19.0 19.0
19.0 19.0 19.0 19.0 19.0 19.0
19.0 19.0 19.0 19.0 19.0 19.0
19.0 19.0 19.0 19.0 19.0 19.0
19.0 19.0 19.0 19.0 19.0 19.0
19.0 19.0 19.0 19.0 19.0 19.0
19.0 19.0 19.0 19.0 19.0 19.0
19.0 19.0 19.0 19.0 19.0 19.0
19.0 19.0 19.0 19.0 19.0 19.0
19.0 19.0 19.0 19.0 19.0 19.0
19.0 19.0 19.0 19.0 19.0 19.0
19.0 19.0 19.0 19.0 19.0 19.0
19.0 19.0 19.0 19.0 19.0 19.0
19.0 19.0 19.0 19.0 19.0 19.0
19.0 19.0 19.0 19.0 19.0 19.0
19.0 19.0 19.0 19.0 19.0 19.0
19.0 19.0 19.0 19.0 19.0 19.0
19.0 19.0 19.0 19.0 19.0 19.0
19.0 19.0 19.0 19.0 19.0 19.0
19.0 19.0 19.0 19.0 19.0 19.0
19.0 19.0 19.0 19.0 19.0 19.0
19.0 19.0 19.0 19.0 19.0 19.0
19.0 19.0 19.0 19.0 19.0 19.0
19.0 19.0 19.0 19.0 19.0 19.0
19.0 19.0 19.0 19.0 19.0 19.0
19.0 19.0 19.0 19.0 19.0 19.0
19.0 19.0 19.0 19.0 19.0 19.0
19.0 19.0 19.0 19.0 19.0 19.0
19.0 19.0 19.0 19.0 19.0 19.0
19.0 19.0 19.0 19.0 19.0 19.0
19.0 19.0 19.0 19.0 19.0 19.0
19.0 19.0 19.0 19.0 19.0 19.0
19.0 19.0 19.0 19.0 19.0 19.0
19.0 19.0 19.0 19.0 19.0 19.0
19.0 19.0 19.0 19.0 19.0 19.0
19.0 19.0 19.0 19.0 19.0 19.0
19.0 19.0 19.0 19.0 19.0 19.0
19.0 19.0 19.0 19.0 19.0 19.0
19.0 19.0 19.0 19.0 19.0 19.0
19.0 19.0 19.0 19.0 19.0 19.0
19.0 19.0 19.0 19.0 19.0 19.0
19.0 19.0 19.0 19.0 19.0 19.0
19.0 19.0 19.0 19.0 19.0 19.0
19.0 19.0 19.0 19.0 19.0 19.0
19.0 19.0 19.0 19.0 19.0 19.0
19.0 19.0 19.0 19.0 19.0 19.0
19.0 19.0 19.0 19.0 19.0 19.0
19.0 19.0 19.0 19.0 19.0 19.0
19.0 19.0 19.0 19.0 19.0 19.0
19.0 19.0 19.0 19.0 19.0 19.0
19.0 19.0 19.0 19.0 19.0 19.0
19.0 19.0 19.0 19.0 19.0 19.0
19.0 19.0 19.0 19.0 19.0 19.0
19.0 19.0 19.0 19.0 19.0 19.0
19.0 19.0 19.0 19.0 19.0 19.0
19.0 19.0 19.0 19.0 19.0 19.0
19.0 19.0 19.0 19.0 19.0 19.0
19.0 19.0 19.0 19.0 19.0 19.0
19.0 19.0 19.0 19.0 19.0 19.0
19.0 19.0 19.0 19.0 19.0 19.0
19.0 19.0 19.0 19.0 19.0 19.0
19.0 19.0 19.0 19.0 19.0 19.0
19.0 19.0 19.0 19.0 19.0 19.0
19.0 19.0 19.0 19.0 19.0 19.0
19.0 19.0 19.0 19.0 19.0 19.0
19.0 19.0 19.0 19.0 19.0 19.0
19.0 19.0 19.0 19.0 19.0 19.0
19.0 19.0 19.0 19.0 19.0 19.0
19.0 19.0 19.0 19.0 19.0 19.0
19.0 19.0 19.0 19.0 19.0 19.0
19.0 19.0 19.0 19.0 19.0 19.0
19.0 19.0 19.0 19.0 19.0 19.0
19.0 19.0 19.0 19.0 19.0 19.0
19.0 19.0 19.0 19.0 19.0 19.0
19.0 19.0 19.0 19.0 19.0 19.0
19.0 19.0 19.0 19.0 19.0 19.0
19.0 19.0 19.0 19.0 19.0 19.0
19.0 19.0 19.0 19.0 19.0 19.0
19.0 19.0 19.0 19.0 19.0 19.0
19.0 19.0 19.0 19.0 19.0 19.0
19.0 19.0 19.0 19.0 19.0 19.0
19.0 19.0 19.0 19.0 19.0 19.0
19.0 19.0 19.0 19.0 19.0 19.0
19.0 19.0 19.0 19.0 19.0 19.0
19.0 19.0 19.0 19.0 19.0 19.0
19.0 19.0 19.0 19.0 19.0 19.0
19.0 19.0 19.0 19.0 19.0 19.0
19.0 19.0 19.0 19.0 19.0 19.0
19.0 19.0 19.0 19.0 19.0 19.0
19.0 19.0 19.0 19.0 19.0 19.0
19.0 19.0 19.0 19.0 19.0 19.0
19.0 19.0 19.0 19.0 19.0 19.0
19.0 19.0 19.0 19.0 19.0 19.0
19.0 19.0 19.0 19.0 19.0 19.0
19.0 19.0 19.0 19.0 19.0 19.0
19.0 19.0 19.0 19.0 19.0 19.0
19.0 19.0 19.0 19.0 19.0 19.0
19.0 19.0 19.0 19.0 19.0 19.0
19.0 19.0 19.0 19.0 19.0 19.0
19.0 19.0 19.0 19.0 19.0 19.0
19.0 19.0 19.0 19.0 19.0 19.0
19.0 19.0 19.0 19.0 19.0 19.0
19.0 19.0 19.0 19.0 19.0 19.0
19.0 19.0 19.0 19.0 19.0 19.0
19.0 19.0 19.0 19.0 19.0 19.0
19.0 19.0 19.0 19.0 19.0 19.0
19.0 19.0 19.0 19.0 19.0 19.0
19.0 19.0 19.0 19.0 19.0 19.0
19.0 19.0 19.0 19.0 19.0 19.0
19.0 19.0 19.0 19.0 19.0 19.0
19.0 19.0 19.0 19.0 19.0 19.0
19.0 19.0 19.0 19.0 19.0 19.0
19.0 19.0 19.0 19.0 19.0 19.0
19.0 19.0 19.0 19.0 19.0 19.0
19.0 19.0 19.0 19.0 19.0 19.0
19.0 19.0 19.0 19.0 19.0 19.0
19.0 19.0 19.0 19.0 19.0 19.0
19.0 19.0 19.0 19.0 19.0 19.0
19.0 19.0 19.0 19.0 19.0 19.0
19.0 19.0 19.0 19.0 19.0 19.0
19.0 19.0 19.0 19.0 19.0 19.0
19.0 19.0 19.0 19.0 19.0 19.0
19.0 19.0 19.0 19.0 19.0 19.0
19.0 19.0 19.0 19.0 19.0 19.0
19.0 19.0 19.0 19.0 19.0 19.0
19.0 19.0 19.0 19.0 19.0 19.0
19.0 19.0 19.0 19.0 19.0 19.0
19.0 19.0 19.0 19.0 19.0 19.0
19.0 19.0 19.0 19.0 19.0 19.0
19.0 19.0 19.0 19.0 19.0 19.0
19.0 19.0 19.0 19.0 19.0 19.0
19.0 19.0 19.0 19.0 19.0 19.0
19.0 19.0 19.0 19.0 19.0 19.0
19.0 19.0 19.0 19.0 19.0 19.0
19.0 19.0 19.0 19.0 19.0 19.0
19.0 19.0 19.0 19.0 19.0 19.0
19.0 19.0 19.0 19.0 19.0 19.0
19.0 19.0 19.0 19.0 19.0 19.0
19.0 19.0 19.0 19.0 19.0 19.0
19.0 19.0 19.0 19.0 19.0 19.0
19.0 19.0 19.0 19.0 19.0 19.0
19.0 19.0 19.0 19.0 19.0 19.0
19.0 19.0 19.0 19.0 19.0 19.0
19.0 19.0 19.0 19.0 19.0 19.0
19.0 19.0 19.0 19.0 19.0 19.0
19.0 19.0 19.0 19.0 19.0 19.0
19.0 19.0 19.0 19.0 19.0 19.0
19.0 19.0 19.0 19.0 19.0 19.0
19.0 19.0 19.0 19.0 19.0 19.0
19.0 19.0 19.0 19.0 19.0 19.0
19.0 19.0 19.0 19.0 19.0 19.0
19.0 19.0 19.0 19.0 19.0 19.0
19.0 19.0 19.0 19.0 19.0 19.0
19.0 19.0 19.0 19.0 19.0 19.0
19.0 19.0 19.0 19.0 19.0 19.0
19.0 19.0 19.0 19.0 19.0 19.0
19.0 19.0 19.0 19.0 19.0 19.0
19.0 19.0 19.0 19.0 19.0 19.0
19.0 19.0 19.0 19.0 19.0 19.0
19.0 19.0 19.0 19.0 19.0 19.0
19.0 19.0 19.0 19.0 19.0 19.0
19.0 19.0 19.0 19.0 19.0 19.0
19.0 19.0 19.0 19.0 19.0 19.0
19.0 19.0 19.0 19.0 19.0 19.0
19.0 19.0 19.0 19.0 19.0 19.0
19.0 19.0 19.0 19.0 19.0 19.0
19.0 19.0 19.0 19.0 19.0 19.0
19.0 19.0 19.0 19.0 19.0 19.0
19.0 19.0 19.0 19.0 19.0 19.0
19.0 19.0 19.0 19.0 19.0 19.0
19.0 19.0 19.0 19.0 19.0 19.0
19.0 19.0 19.0 19.0 19.0 19.0
19.0 19.0 19.0 19.0 19.0 19.0
19.0 19.0 19.0 19.0 19.0 19.0
19.0 19.0 19.0 19.0 19.0 19.0
19.0 19.0 19.0 19.0 19.0 19.0
19.0 19.0 19.0 19.0 19.0 19.0
19.0 19.0 19.0 19.0 19.0 19.0
19.0 19.0 19.0 19.0 19.0 19.0
19.0 19.0 19.0 19.0 19.0 19.0
19.0 19.0 19.0 19.0 19.0 19.0
19.0 19.0 19.0 19.0 19.0 19.0
19.0 19.0 19.0 19.0 19.0 19.0
19.0 19.0 19.0 19.0 19.0 19.0
19.0 19.0 19.0 19.0 19.0 19.0
19.0 19.0 19.0 19.0 19.0 19.0
19.0 19.0 19.0 19.0 19.0 19.0
19.0 19.0 19.0 19.0 19.0 19.0
19.0 19.0 19.0 19.0 19.0 19.0
19.0 19.0 19.0 19.0 19.0 19.0
19.0 19.0 19.0 19.0 19.0 19.0
19.0 19.0 19.0 19.0 19.0 19.0
19.0 19.0 19.0 19.0 19.0 19.0
19.0 19.0 19.0 19.0 19.0 19.0
19.0 19.0 19.0 19.0 19.0 19.0
19.0 19.0 19.0 19.0 19.0 19.0
19.0 19.0 19.0 19.0 19.0 19.0
19.0 19.0 19.0 19.0 19.0 19.0
19.0 19.0 19.0 19.0 19.0 19.0
19.0 19.0 19.0 19.0 19.0 19.0
19.0 19.0 19.0 19.0 19.0 19.0
19.0 19.0 19.0 19.0 19.0 19.0
19.0 19.0 19.0 19.0 19.0 19.0
19.0 19.0 19.0 19.0 19.0 19.0
19.0 19.0 19.0 19.0 19.0 19.0
19.0 19.0 19.0 19.0 19.0 19.0
19.0 19.0 19.0 19.0 19.0 19.0
19.0 19.0 19.0 19.0 19.0 19.0
19.0 19.0 19.0 19.0 19.0 19.0
19.0 19.0 19.0 19.0 19.0 19.0
19.0 19.0 19.0 19.0 19.0 19.0
19.0 19.0 19.0 19.0 19.0 19.0
19.0 19.0 19.0 19.0 19.0 19.0
19.0 19.0 19.0 19.0 19.0 19.0
19.0 19.0 19.0 19.0 19.0 19.0
19.0 19.0 19.0 19.0 19.0 19.0
19.0 19.0 19.0 19.0 19.0 19.0
19.0 19.0 19.0 19.0 19.0 19.0
19.0 19.0 19.0 19.0 19.0 19.0
19.0 19.0 19.0 19.0 19.0 19.0
19.0 19.0 19.0 19.0 19.0 19.0
19.0 19.0 19.0 19.0 19.0 19.0
19.0 19.0 19.0 19.0 19.0 19.0
19.0 19.0 19.0 19.0 19.0 19.0
19.0 19.0 19.0 19.0 19.0 19.0
19.0 19.0 19.0 19.0 19.0 19.0
19.0 19.0 19.0 19.0 19.0 19.0
19.0 19.0 19.0 19.0 19.0 19.0
19.0 19.0 19.0 19.0 19.0 19.0
19.0 19.0 19.0 19.0 19.0 19.0
19.0 19.0 19.0 19.0 19.0 19.0
19.0 19.0 19.0 19.0 19.0 19.0
19.0 19.0 19.0 19.0 19.0 19.0
19.0 19.0 19.0 19.0 19.0 19.0
